1 27540U 02048A   18003.33541795  .00000856  00000-0  00000+0 0  9999
2 27540  49.1267 178.1151 8400170 264.9979   0.3003  0.37598640 15058
1 27540U 02048A   18003.33638159  .00000856  00000-0  00000+0 0  9990
2 27540  49.1259 178.1172 8400426 264.9993   0.3006  0.37585098 15058
1 27540U 02048A   18003.33805222  .00000856  00000-0  00000+0 0  9997
2 27540  49.1256 178.1143 8400419 265.0015   0.5197  0.37585129 15050
1 27540U 02048A   18005.99719118  .00000733  00000-0  00000+0 0  9993
2 27540  49.1162 177.9101 8398926 265.0800   0.4297  0.37586709 15064
1 27540U 02048A   18008.65867238  .00000690  00000-0  00000+0 0  9998
2 27540  49.1063 177.7648 8398104 265.1084   0.7431  0.37586927 15077
1 27540U 02048A   18011.31520310 +.00000759 +00000-0 +00000-0 0  9999
2 27540 049.0963 177.6461 8398993 265.1195 000.4033 00.37588129004402
1 27540U 02048A   18011.31658224  .00000760  00000-0  00000+0 0  9996
2 27540  49.0960 177.6460 8398992 265.1197   0.5900  0.37588203 15082
1 27540U 02048A   18016.63242202 +.00000956 +00000-0 +00000-0 0  9999
2 27540 049.0948 177.4407 8402693 265.1306 000.3192 00.37587180004423
1 27540U 02048A   18016.63337041  .00000956  00000-0  00000+0 0  9994
2 27540  49.0948 177.4406 8402693 265.1307   0.4476  0.37587188 15104
1 27540U 02048A   18019.29183765 +.00001015 +00000-0 +00000-0 0  9999
2 27540 049.0930 177.3472 8406424 265.1329 000.3784 00.37583060004437
1 27540U 02048A   18019.29257020 +.00001015 +00000-0 +00000-0 0  9995
2 27540 049.0937 177.3475 8406425 265.1328 000.4776 00.37583118015110
1 27540U 02048A   18021.94996944 +.00001031 +00000-0 +00000-0 0  9993
2 27540 049.0856 177.2231 8411139 265.1668 000.2225 00.37581746004440
1 27540U 02048A   18021.95176032  .00001031  00000-0  00000+0 0  9991
2 27540  49.0858 177.2232 8411146 265.1664   0.4650  0.37581520 15128
1 27540U 02048A   18024.60884529 +.00001033 +00000-0 +00000-0 0  9996
2 27540 049.0791 177.0693 8415215 265.2306 000.1207 00.37581715004453
1 27540U 02048A   18024.61054709 +.00001033 +00000-0 +00000-0 0  9996
2 27540 049.0789 177.0691 8415218 265.2307 000.3511 00.37581637004455
1 27540U 02048A   18024.61141578  .00001033  00000-0  00000+0 0  9996
2 27540  49.0789 177.0694 8415227 265.2306   0.4686  0.37581550 15132
1 27540U 02048A   18027.26997182 +.00001039 +00000-0 +00000-0 0  9997
2 27540 049.0725 176.9008 8418720 265.3113 000.2737 00.37582689004460
1 27540U 02048A   18027.26997182  .00001039  00000-0  00000+0 0  9996
2 27540  49.0725 176.9008 8418720 265.3113   0.2737  0.37582689 15147
1 27540U 02048A   18027.27072056 +.00001039 +00000-0 +00000-0 0  9992
2 27540 049.0726 176.9012 8418736 265.3107 000.3810 00.37582325004466
1 27540U 02048A   18027.27072056  .00001039  00000-0  00000+0 0  9991
2 27540  49.0726 176.9012 8418736 265.3107   0.3810  0.37582325 15143
1 27540U 02048A   18029.93036090  .00000985  00000-0  00000+0 0  9993
2 27540  49.0640 176.6872 8420832 265.4209   0.2932  0.37589926 15152
1 27540U 02048A   18032.58864338 +.00000856 +00000-0 +00000-0 0  9990
2 27540 049.0561 176.4601 8419707 265.5220 000.0948 00.37594042004489
1 27540U 02048A   18032.58864338  .00000856  00000-0  00000+0 0  9999
2 27540  49.0561 176.4601 8419707 265.5220   0.0948  0.37594042 15166
1 27540U 02048A   18035.25017380  .00000772  00000-0  00000+0 0  9990
2 27540  49.0462 176.2969 8418318 265.5614   0.4382  0.37591216 15172
1 27540U 02048A   18037.90681601  .00000809  00000-0  00000+0 0  9998
2 27540  49.0351 176.1731 8419229 265.5734   0.1527  0.37591657 15188
1 27540U 02048A   18037.90725452 +.00000809 +00000-0 +00000-0 0  9992
2 27540 049.0353 176.1737 8419238 265.5727 000.2059 00.37591346004496
1 27540U 02048A   18037.90725452  .00000809  00000-0  00000+0 0  9991
2 27540  49.0353 176.1737 8419238 265.5727   0.2059  0.37591346 15184
1 27540U 02048A   18037.90872289 +.00000809 +00000-0 +00000-0 0  9993
2 27540 049.0356 176.1733 8419191 265.5736 000.4100 00.37591632004502
1 27540U 02048A   18040.56643772 +.00000904 +00000-0 +00000-0 0  9998
2 27540 049.0289 176.0558 8420939 265.5877 000.2674 00.37592712004514
1 27540U 02048A   18043.22432214 +.00000989 +00000-0 +00000-0 0  9994
2 27540 049.0293 175.9560 8423131 265.5925 000.1432 00.37589716004523
1 27540U 02048A   18043.22634497  .00000989  00000-0  00000+0 0  9990
2 27540  49.0296 175.9563 8423133 265.5921   0.4171  0.37589649 15202
1 27540U 02048A   18043.22726665 +.00000989 +00000-0 +00000-0 0  9990
2 27540 049.0293 175.9560 8423139 265.5925 000.5420 00.37589723004519
1 27540U 02048A   18045.88281965 +.00001047 +00000-0 +00000-0 0  9999
2 27540 049.0280 175.8624 8426593 265.5944 000.0777 00.37584387004536
1 27540U 02048A   18045.88281965  .00001047  00000-0  00000+0 0  9998
2 27540  49.0280 175.8624 8426593 265.5944   0.0777  0.37584387 15213
1 27540U 02048A   18045.88477728 +.00001048 +00000-0 +00000-0 0  9994
2 27540 049.0288 175.8634 8426656 265.5936 000.3418 00.37584305004531
1 27540U 02048A   18045.88614680  .00001048  00000-0  00000+0 0  9993
2 27540  49.0289 175.8644 8426687 265.5929   0.5364  0.37584814 15213
1 27540U 02048A   18048.54178930 +.00001067 +00000-0 +00000-0 0  9994
2 27540 049.0215 175.7448 8431486 265.6210 000.0456 00.37581854004542
1 27540U 02048A   18048.54331475 +.00001067 +00000-0 +00000-0 0  9999
2 27540 049.0216 175.7447 8431482 265.6212 000.2522 00.37581734004543
1 27540U 02048A   18048.54515314  .00001067  00000-0  00000+0 0  9994
2 27540  49.0217 175.7449 8431494 265.6207   0.5010  0.37581649 15220
1 27540U 02048A   18051.20199788 +.00001065 +00000-0 +00000-0 0  9993
2 27540 049.0142 175.5897 8436087 265.6850 000.1361 00.37580972004556
1 27540U 02048A   18051.20401696 +.00001065 +00000-0 +00000-0 0  9997
2 27540 049.0140 175.5892 8436051 265.6852 000.4111 00.37581050004545
1 27540U 02048A   18051.20401696  .00001065  00000-0  00000+0 0  9996
2 27540  49.0140 175.5892 8436051 265.6852   0.4111  0.37581050 15233
1 27540U 02048A   18053.86086997 +.00001069 +00000-0 +00000-0 0  9998
2 27540 049.0084 175.4242 8439645 265.7627 359.9996 00.37581700004559
1 27540U 02048A   18053.86086997 +.00001069 +00000-0 +00000-0 0  9998
2 27540 049.0084 175.4242 8439645 265.7627 359.9996 00.37581700015247
1 27540U 02048A   18053.86117634 +.00001069 +00000-0 +00000-0 0  9991
2 27540 049.0083 175.4222 8439501 265.7640 000.0409 00.37581736004565
1 27540U 02048A   18053.86241226 +.00001069 +00000-0 +00000-0 0  9996
2 27540 049.0082 175.4225 8439518 265.7637 000.2081 00.37581733004566
1 27540U 02048A   18059.18358114  .00000900  00000-0  00000+0 0  9994
2 27540  48.9906 174.9912 8442178 265.9814   0.3705  0.37593746 15261
1 27540U 02048A   18061.84318240  .00000775  00000-0  00000+0 0  9996
2 27540  48.9838 174.8152 8440363 266.0327   0.4295  0.37592624 15275
1 27540U 02048A   18064.49796116  .00000769  00000-0  00000+0 0  9995
2 27540  48.9711 174.6682 8440797 266.0580 359.8967  0.37591291 15280
1 27540U 02048A   18067.15837905 +.00000845 +00000-0 +00000-0 0  9999
2 27540 048.9631 174.5456 8442731 266.0749 000.1360 00.37592719004610
1 27540U 02048A   18067.15928500  .00000845  00000-0  00000+0 0  9990
2 27540  48.9627 174.5453 8442697 266.0748   0.2586  0.37592738 15290
1 27540U 02048A   18069.81629296 +.00000921 +00000-0 +00000-0 0  9991
2 27540 048.9626 174.4364 8444874 266.0867 000.0398 00.37591476004622
1 27540U 02048A   18069.81769022 +.00000921 +00000-0 +00000-0 0  9993
2 27540 048.9625 174.4362 8444863 266.0870 000.2290 00.37591466004623
1 27540U 02048A   18069.81769022  .00000921  00000-0  00000+0 0  9992
2 27540  48.9625 174.4362 8444863 266.0870   0.2290  0.37591466 15300
1 27540U 02048A   18072.47648943 +.00000974 +00000-0 +00000-0 0  9995
2 27540 048.9630 174.3393 8448091 266.0924 000.2336 00.37587007004637
1 27540U 02048A   18072.47649269  .00000974  00000-0  00000+0 0  9996
2 27540  48.9630 174.3393 8448114 266.0923   0.2337  0.37586988 15317
1 27540U 02048A   18072.47665345 +.00000974 +00000-0 +00000-0 0  9990
2 27540 048.9630 174.3396 8448169 266.0921 000.2538 00.37586912004631
1 27540U 02048A   18075.13455054  .00000995  00000-0  00000+0 0  9992
2 27540  48.9577 174.2221 8452736 266.1170   0.1153  0.37583140 15329
1 27540U 02048A   18075.13513353 +.00000995 +00000-0 +00000-0 0  9990
2 27540 048.9577 174.2221 8452733 266.1169 000.1942 00.37583099004646
1 27540U 02048A   18075.13638190  .00000995  00000-0  00000+0 0  9996
2 27540  48.9581 174.2243 8452822 266.1141   0.3620  0.37583421 15325
1 27540U 02048A   18077.79247235 +.00000990 +00000-0 +00000-0 0  9992
2 27540 048.9501 174.0664 8457622 266.1802 359.9306 00.37582138004651
1 27540U 02048A   18077.79408961 +.00000990 +00000-0 +00000-0 0  9997
2 27540 048.9500 174.0662 8457640 266.1802 000.1503 00.37582222004656
1 27540U 02048A   18077.79427308  .00000990  00000-0  00000+0 0  9992
2 27540  48.9500 174.0662 8457640 266.1801   0.1752  0.37582308 15333
1 27540U 02048A   18080.45211717 +.00000990 +00000-0 +00000-0 0  9995
2 27540 048.9445 173.8893 8461365 266.2667 359.9346 00.37583434004663
1 27540U 02048A   18080.45347217  .00000990  00000-0  00000+0 0  9999
2 27540  48.9446 173.8893 8461363 266.2667   0.1180  0.37583514 15349
1 27540U 02048A   18080.45476744 +.00000990 +00000-0 +00000-0 0  9998
2 27540 048.9454 173.8931 8461482 266.2623 000.2945 00.37583912004659
1 27540U 02048A   18083.11217336  .00000968  00000-0  00000+0 0  9998
2 27540  48.9375 173.6998 8464070 266.3646 359.9453  0.37585392 15355
1 27540U 02048A   18083.11412539  .00000968  00000-0  00000+0 0  9990
2 27540  48.9390 173.7061 8464191 266.3578   0.2233  0.37587344 15353
1 27540U 02048A   18085.77124508 +.00000851 +00000-0 +00000-0 0  9992
2 27540 048.9293 173.4706 8464962 266.4845 359.8327 00.37591975015365
1 27540U 02048A   18085.77137357  .00000851  00000-0  00000+0 0  9997
2 27540  48.9303 173.4758 8464994 266.4792 359.8523  0.37592712 15368
1 27540U 02048A   18085.77304568  .00000851  00000-0  00000+0 0  9997
2 27540  48.9313 173.4805 8465130 266.4739   0.0800  0.37593399 15361
1 27540U 02048A   18088.43420644 +.00000697 +00000-0 +00000-0 0  9996
2 27540 048.9258 173.2631 8463713 266.5645 000.3227 00.37594971015370
1 27540U 02048A   18091.08975433 +.00000648 +00000-0 +00000-0 0  9998
2 27540 048.9164 173.1213 8462657 266.5881 359.8913 00.37591840004700
1 27540U 02048A   18091.09226822  .00000648  00000-0  00000+0 0  9999
2 27540  48.9164 173.1210 8462706 266.5884   0.2302  0.37591759 15389
1 27540U 02048A   18093.74815420 +.00000705 +00000-0 +00000-0 0  9996
2 27540 048.9061 172.9950 8464468 266.6057 359.8602 00.37593010004716
1 27540U 02048A   18093.74815420  .00000705  00000-0  00000+0 0  9995
2 27540  48.9061 172.9950 8464468 266.6057 359.8602  0.37593010 15392
1 27540U 02048A   18093.74885700  .00000705  00000-0  00000+0 0  9993
2 27540  48.9061 172.9953 8464410 266.6053 359.9579  0.37593106 15398
1 27540U 02048A   18093.74985398 +.00000705 +00000-0 +00000-0 0  9998
2 27540 048.9061 172.9950 8464462 266.6053 000.0915 00.37593037004706
1 27540U 02048A   18093.75051851 +.00000705 +00000-0 +00000-0 0  9997
2 27540 048.9061 172.9949 8464468 266.6056 000.1810 00.37593067004712
1 27540U 02048A   18096.40647699 +.00000777 +00000-0 +00000-0 0  9992
2 27540 048.9030 172.8727 8466539 266.6277 359.8161 00.37592474004722
1 27540U 02048A   18096.40659688 +.00000777 +00000-0 +00000-0 0  9993
2 27540 048.9029 172.8725 8466538 266.6279 359.8323 00.37592531004723
1 27540U 02048A   18096.40735441 +.00000777 +00000-0 +00000-0 0  9995
2 27540 048.9032 172.8728 8466541 266.6275 359.9348 00.37592482004723
1 27540U 02048A   18096.40831255  .00000777  00000-0  00000+0 0  9994
2 27540  48.9030 172.8726 8466521 266.6276   0.0636  0.37592483 15400
1 27540U 02048A   18096.40834562 +.00000777 +00000-0 +00000-0 0  9999
2 27540 048.9030 172.8724 8466538 266.6279 000.0690 00.37592539004724
1 27540U 02048A   18096.41036514 +.00000778 +00000-0 +00000-0 0  9992
2 27540 048.9030 172.8725 8466518 266.6276 000.3424 00.37592511004717
1 27540U 02048A   18099.06536279 +.00000829 +00000-0 +00000-0 0  9996
2 27540 048.9037 172.7686 8469393 266.6392 359.8381 00.37588292004739
1 27540U 02048A   18099.06617598 +.00000829 +00000-0 +00000-0 0  9990
2 27540 048.9038 172.7687 8469400 266.6390 359.9482 00.37588237004730
1 27540U 02048A   18099.06787030 +.00000829 +00000-0 +00000-0 0  9999
2 27540 048.9040 172.7693 8469368 266.6384 000.1772 00.37588113004736
1 27540U 02048A   18099.06977982  .00000829  00000-0  00000+0 0  9995
2 27540  48.9040 172.7692 8469364 266.6384   0.4356  0.37588147 15416
1 27540U 02048A   18101.72493690 +.00000857 +00000-0 +00000-0 0  9993
2 27540 048.9009 172.6562 8473647 266.6606 359.9228 00.37584112004744
1 27540U 02048A   18101.72493690  .00000857  00000-0  00000+0 0  9992
2 27540  48.9009 172.6562 8473647 266.6606 359.9228  0.37584112 15421
1 27540U 02048A   18101.72559474 +.00000857 +00000-0 +00000-0 0  9996
2 27540 048.9011 172.6563 8473648 266.6604 000.0123 00.37584172004741
1 27540U 02048A   18101.72704457  .00000857  00000-0  00000+0 0  9998
2 27540  48.9013 172.6566 8473634 266.6604   0.2125  0.37584424 15422
1 27540U 02048A   18101.72710265 +.00000857 +00000-0 +00000-0 0  9993
2 27540 048.9016 172.6563 8473670 266.6599 000.2186 00.37584146004735
1 27540U 02048A   18104.38367593 +.00000859 +00000-0 +00000-0 0  9992
2 27540 048.8951 172.5083 8478485 266.7160 359.8566 00.37582745004752
1 27540U 02048A   18104.38520995  .00000859  00000-0  00000+0 0  9998
2 27540  48.8952 172.5079 8478519 266.7164   0.0650  0.37582760 15433
1 27540U 02048A   18104.38522651 +.00000859 +00000-0 +00000-0 0  9990
2 27540 048.8951 172.5082 8478488 266.7161 000.0665 00.37582664004750
1 27540U 02048A   18104.38607001 +.00000859 +00000-0 +00000-0 0  9993
2 27540 048.8951 172.5079 8478506 266.7163 000.1806 00.37582346004754
1 27540U 02048A   18107.04317058 +.00000863 +00000-0 +00000-0 0  9994
2 27540 048.8899 172.3289 8482599 266.8037 359.8502 00.37583506004761
1 27540U 02048A   18107.04360453 +.00000863 +00000-0 +00000-0 0  9991
2 27540 048.8898 172.3288 8482600 266.8039 359.9089 00.37583214004761
1 27540U 02048A   18107.04363939  .00000863  00000-0  00000+0 0  9992
2 27540  48.8898 172.3288 8482581 266.8039 359.9125  0.37583037 15440
1 27540U 02048A   18107.04426930 +.00000863 +00000-0 +00000-0 0  9994
2 27540 048.8898 172.3286 8482606 266.8040 359.9989 00.37582758004768
1 27540U 02048A   18107.04508510 +.00000863 +00000-0 +00000-0 0  9999
2 27540 048.8898 172.3287 8482605 266.8038 000.1093 00.37582991004765
1 27540U 02048A   18107.04534335 +.00000863 +00000-0 +00000-0 0  9993
2 27540 048.8899 172.3287 8482602 266.8037 000.1442 00.37583514004762
1 27540U 02048A   18109.70341681 +.00000861 +00000-0 +00000-0 0  9996
2 27540 048.8857 172.1351 8485317 266.9044 359.9179 00.37587751004771
1 27540U 02048A   18109.70341681  .00000861  00000-0  00000+0 0  9995
2 27540  48.8857 172.1351 8485317 266.9044 359.9179  0.37587751 15458
1 27540U 02048A   18109.70394935 +.00000861 +00000-0 +00000-0 0  9996
2 27540 048.8856 172.1348 8485341 266.9044 359.9862 00.37587417004771
1 27540U 02048A   18109.70433186  .00000861  00000-0  00000+0 0  9997
2 27540  48.8856 172.1340 8485336 266.9052   0.0384  0.37587030 15457
1 27540U 02048A   18109.70434414 +.00000861 +00000-0 +00000-0 0  9993
2 27540 048.8856 172.1341 8485340 266.9052 000.0251 00.37586652004767
1 27540U 02048A   18109.70434414  .00000861  00000-0  00000+0 0  9992
2 27540  48.8856 172.1341 8485340 266.9052   0.0251  0.37586652 15455
1 27540U 02048A   18112.36276278 +.00000774 +00000-0 +00000-0 0  9994
2 27540 048.8800 171.9152 8486436 267.0190 359.8478 00.37593524004789
1 27540U 02048A   18112.36346584 +.00000774 +00000-0 +00000-0 0  9992
2 27540 048.8798 171.9152 8486441 267.0193 359.9439 00.37593113004786
1 27540U 02048A   18112.36588768  .00000774  00000-0  00000+0 0  9993
2 27540  48.8800 171.9147 8486477 267.0194   0.2718  0.37593608 15466
1 27540U 02048A   18115.02182029 +.00000616 +00000-0 +00000-0 0  9995
2 27540 048.8755 171.6902 8485310 267.1227 359.8003 00.37596497004797
1 27540U 02048A   18115.02349783  .00000616  00000-0  00000+0 0  9996
2 27540  48.8755 171.6902 8485292 267.1228   0.0271  0.37596246 15478
1 27540U 02048A   18117.68055684 +.00000532 +00000-0 +00000-0 0  9992
2 27540 048.8689 171.5287 8483898 267.1650 359.7993 00.37594446004808
1 27540U 02048A   18117.68284850 +.00000532 +00000-0 +00000-0 0  9991
2 27540 048.8690 171.5275 8483976 267.1658 000.1087 00.37594342004796
1 27540U 02048A   18117.68325543  .00000532  00000-0  00000+0 0  9995
2 27540  48.8690 171.5266 8484026 267.1663   0.1656  0.37594331 15487
1 27540U 02048A   18120.34129425 +.00000572 +00000-0 +00000-0 0  9998
2 27540 048.8592 171.4022 8485092 267.1829 000.1025 00.37595176004818
1 27540U 02048A   18120.34217506  .00000572  00000-0  00000+0 0  9995
2 27540  48.8592 171.4033 8485036 267.1820   0.2232  0.37595200 15494
1 27540U 02048A   18122.99831313 +.00000650 +00000-0 +00000-0 0  9994
2 27540 048.8548 171.2751 8487021 267.2087 359.9038 00.37595279004821
1 27540U 02048A   18122.99889873 +.00000650 +00000-0 +00000-0 0  9998
2 27540 048.8549 171.2754 8487011 267.2084 359.9836 00.37595268004825
1 27540U 02048A   18122.99953112 +.00000650 +00000-0 +00000-0 0  9996
2 27540 048.8549 171.2750 8487014 267.2085 000.0693 00.37595302004818
1 27540U 02048A   18122.99953112  .00000650  00000-0  00000+0 0  9995
2 27540  48.8549 171.2750 8487014 267.2085   0.0693  0.37595302 15506
1 27540U 02048A   18123.00000833 +.00000650 +00000-0 +00000-0 0  9992
2 27540 048.8549 171.2750 8487022 267.2086 000.1336 00.37595264004821
1 27540U 02048A   18125.65696968 +.00000709 +00000-0 +00000-0 0  9990
2 27540 048.8561 171.1655 8489444 267.2246 359.9170 00.37591766004831
1 27540U 02048A   18125.65731995 +.00000709 +00000-0 +00000-0 0  9990
2 27540 048.8563 171.1659 8489444 267.2242 359.9643 00.37591721004839
1 27540U 02048A   18125.65822267 +.00000709 +00000-0 +00000-0 0  9993
2 27540 048.8563 171.1663 8489425 267.2238 000.0876 00.37591731004831
1 27540U 02048A   18125.65921691  .00000709  00000-0  00000+0 0  9993
2 27540  48.8563 171.1656 8489442 267.2244   0.2214  0.37591691 15519
1 27540U 02048A   18128.31587755 +.00000750 +00000-0 +00000-0 0  9995
2 27540 048.8559 171.0569 8493239 267.2433 359.9405 00.37588029004846
1 27540U 02048A   18128.31651172 +.00000750 +00000-0 +00000-0 0  9990
2 27540 048.8559 171.0570 8493248 267.2432 000.0263 00.37587884004841
1 27540U 02048A   18128.31721258 +.00000750 +00000-0 +00000-0 0  9993
2 27540 048.8560 171.0568 8493252 267.2433 000.1212 00.37587861004846
1 27540U 02048A   18128.31812427  .00000750  00000-0  00000+0 0  9991
2 27540  48.8559 171.0570 8493225 267.2432   0.2440  0.37587984 15523
1 27540U 02048A   18128.31831795 +.00000750 +00000-0 +00000-0 0  9991
2 27540 048.8559 171.0567 8493243 267.2434 000.2708 00.37587993004841
1 27540U 02048A   18130.97580868 +.00000768 +00000-0 +00000-0 0  9997
2 27540 048.8518 170.9174 8497786 267.2916 000.0704 00.37585590004855
1 27540U 02048A   18130.97634191  .00000768  00000-0  00000+0 0  9995
2 27540  48.8518 170.9173 8497782 267.2918   0.1416  0.37585943 15532
1 27540U 02048A   18130.97666292 +.00000768 +00000-0 +00000-0 0  9993
2 27540 048.8518 170.9173 8497786 267.2916 000.1860 00.37585651004856
1 27540U 02048A   18130.97811924 +.00000768 +00000-0 +00000-0 0  9997
2 27540 048.8518 170.9167 8497804 267.2921 000.3832 00.37585491004859
1 27540U 02048A   18133.63428826  .00000783  00000-0  00000+0 0  9994
2 27540  48.8467 170.7434 8501945 267.3738 359.9538  0.37584709 15541
1 27540U 02048A   18133.63453639  .00000783  00000-0  00000+0 0  9994
2 27540  48.8477 170.7458 8501940 267.3717 359.9943  0.37585536 15549
1 27540U 02048A   18133.63477248 +.00000783 +00000-0 +00000-0 0  9997
2 27540 048.8468 170.7439 8501943 267.3733 000.0173 00.37584638004863
1 27540U 02048A   18133.63505323 +.00000783 +00000-0 +00000-0 0  9993
2 27540 048.8476 170.7451 8501950 267.3722 000.0642 00.37585697004858
1 27540U 02048A   18133.63594925 +.00000783 +00000-0 +00000-0 0  9999
2 27540 048.8468 170.7438 8501959 267.3732 000.1738 00.37584371004860
1 27540U 02048A   18133.63594925  .00000783  00000-0  00000+0 0  9998
2 27540  48.8468 170.7438 8501959 267.3732   0.1738  0.37584371 15547
1 27540U 02048A   18136.29418056 +.00000804 +00000-0 +00000-0 0  9998
2 27540 048.8439 170.5481 8505057 267.4759 359.9839 00.37587884004877
1 27540U 02048A   18136.29437205  .00000804  00000-0  00000+0 0  9994
2 27540  48.8442 170.5479 8505058 267.4759   0.0096  0.37588418 15559
1 27540U 02048A   18136.29487133 +.00000804 +00000-0 +00000-0 0  9990
2 27540 048.8441 170.5493 8505034 267.4748 000.0768 00.37588145004872
1 27540U 02048A   18138.95391788 +.00000758 +00000-0 +00000-0 0  9993
2 27540 048.8410 170.3243 8506429 267.5939 359.9876 00.37594330004881
1 27540U 02048A   18138.95416972 +.00000758 +00000-0 +00000-0 0  9996
2 27540 048.8410 170.3242 8506430 267.5940 000.0217 00.37594201004884
1 27540U 02048A   18138.95598366  .00000758  00000-0  00000+0 0  9993
2 27540  48.8408 170.3236 8506437 267.5947   0.2673  0.37593700 15566
1 27540U 02048A   18141.61288293 +.00000615 +00000-0 +00000-0 0  9998
2 27540 048.8380 170.0953 8505607 267.7037 359.9243 00.37597759004897
1 27540U 02048A   18141.61297299 +.00000615 +00000-0 +00000-0 0  9994
2 27540 048.8381 170.0957 8505603 267.7033 359.9363 00.37597721004896
1 27540U 02048A   18141.61434386  .00000615  00000-0  00000+0 0  9993
2 27540  48.8381 170.0955 8505610 267.7035   0.1218  0.37597510 15571
1 27540U 02048A   18144.27130555  .00000506  00000-0  00000+0 0  9998
2 27540  48.8333 169.9170 8504178 267.7617 359.8934  0.37597465 15587
1 27540U 02048A   18144.27176959 +.00000506 +00000-0 +00000-0 0  9997
2 27540 048.8332 169.9169 8504177 267.7618 359.9570 00.37597567004908
1 27540U 02048A   18144.27280399 +.00000506 +00000-0 +00000-0 0  9991
2 27540 048.8333 169.9169 8504155 267.7621 000.1034 00.37598277004908
1 27540U 02048A   18144.27438170  .00000506  00000-0  00000+0 0  9992
2 27540  48.8332 169.9169 8504167 267.7619   0.3155  0.37598038 15584
1 27540U 02048A   18146.92986230 +.00000528 +00000-0 +00000-0 0  9996
2 27540 048.8251 169.7857 8504699 267.7837 359.9154 00.37597195004918
1 27540U 02048A   18146.93018783 +.00000528 +00000-0 +00000-0 0  9996
2 27540 048.8251 169.7849 8504706 267.7845 359.9594 00.37597257004914
1 27540U 02048A   18146.93097283 +.00000528 +00000-0 +00000-0 0  9998
2 27540 048.8251 169.7867 8504686 267.7831 000.0651 00.37597182004911
1 27540U 02048A   18146.93302834 +.00000528 +00000-0 +00000-0 0  9999
2 27540 048.8252 169.7865 8504687 267.7833 000.3435 00.37597250015598
1 27540U 02048A   18149.58874624 +.00000613 +00000-0 +00000-0 0  9999
2 27540 048.8211 169.6566 8506501 267.8105 359.9846 00.37598086004922
1 27540U 02048A   18149.58940683 +.00000613 +00000-0 +00000-0 0  9998
2 27540 048.8212 169.6568 8506501 267.8103 000.0741 00.37598074004928
1 27540U 02048A   18149.59018061 +.00000613 +00000-0 +00000-0 0  9995
2 27540 048.8211 169.6568 8506502 267.8103 000.1789 00.37598078004925
1 27540U 02048A   18149.59092305 +.00000613 +00000-0 +00000-0 0  9998
2 27540 048.8211 169.6575 8506481 267.8096 000.2789 00.37598068015607
1 27540U 02048A   18149.59117644 +.00000613 +00000-0 +00000-0 0  9992
2 27540 048.8210 169.6558 8506504 267.8111 000.3135 00.37598142004923
1 27540U 02048A   18152.24754090 +.00000684 +00000-0 +00000-0 0  9998
2 27540 048.8233 169.5431 8508640 267.8290 000.0485 00.37595974004934
1 27540U 02048A   18152.24754091 +.00000684 +00000-0 +00000-0 0  9999
2 27540 048.8235 169.5435 8508649 267.8286 000.0485 00.37595882004932
1 27540U 02048A   18152.24840639 +.00000684 +00000-0 +00000-0 0  9993
2 27540 048.8236 169.5436 8508656 267.8285 000.1656 00.37595842004938
1 27540U 02048A   18152.24840639  .00000684  00000-0  00000+0 0  9992
2 27540  48.8236 169.5436 8508656 267.8285   0.1656  0.37595842 15615
1 27540U 02048A   18152.24915697  .00000684  00000-0  00000+0 0  9999
2 27540  48.8237 169.5422 8508677 267.8303   0.2574  0.37595462 15613
1 27540U 02048A   18152.24960424 +.00000684 +00000-0 +00000-0 0  9998
2 27540 048.8236 169.5431 8508641 267.8297 000.3219 00.37595698004925
1 27540U 02048A   18152.25027788 +.00000684 +00000-0 +00000-0 0  9996
2 27540 048.8235 169.5426 8508657 267.8294 000.4196 00.37595970004920
1 27540U 02048A   18154.90635521 +.00000737 +00000-0 +00000-0 0  9999
2 27540 048.8247 169.4388 8512096 267.8447 000.0908 00.37591639004948
1 27540U 02048A   18154.90685070 +.00000737 +00000-0 +00000-0 0  9993
2 27540 048.8248 169.4393 8512098 267.8441 000.1577 00.37591478004945
1 27540U 02048A   18154.90693418  .00000737  00000-0  00000+0 0  9997
2 27540  48.8248 169.4393 8512099 267.8442   0.1688  0.37591441 15627
1 27540U 02048A   18157.56509074 +.00000774 +00000-0 +00000-0 0  9998
2 27540 048.8222 169.3107 8516458 267.8839 000.0946 00.37589475004958
1 27540U 02048A   18157.56509074  .00000774  00000-0  00000+0 0  9997
2 27540  48.8222 169.3107 8516458 267.8839   0.0946  0.37589475 15635
1 27540U 02048A   18157.56569126 +.00000774 +00000-0 +00000-0 0  9992
2 27540 048.8222 169.3110 8516452 267.8837 000.1759 00.37589716004955
1 27540U 02048A   18157.56657825  .00000774  00000-0  00000+0 0  9995
2 27540  48.8223 169.3090 8516464 267.8854   0.2895  0.37589242 15638
1 27540U 02048A   18157.56657826 +.00000774 +00000-0 +00000-0 0  9997
2 27540 048.8223 169.3091 8516460 267.8853 000.2895 00.37589192004940
1 27540U 02048A   18160.22399851 +.00000803 +00000-0 +00000-0 0  9998
2 27540 048.8196 169.1493 8520466 267.9546 000.0885 00.37589548004968
1 27540U 02048A   18160.22464209 +.00000803 +00000-0 +00000-0 0  9998
2 27540 048.8196 169.1493 8520467 267.9545 000.1757 00.37589586004969
1 27540U 02048A   18160.22519659 +.00000803 +00000-0 +00000-0 0  9998
2 27540 048.8197 169.1488 8520462 267.9554 000.2504 00.37589123004967
1 27540U 02048A   18160.22572654  .00000803  00000-0  00000+0 0  9991
2 27540  48.8197 169.1489 8520445 267.9552   0.3217  0.37589217 15640
1 27540U 02048A   18160.22592021 +.00000803 +00000-0 +00000-0 0  9992
2 27540 048.8197 169.1487 8520464 267.9555 000.3483 00.37589007004967
1 27540U 02048A   18162.88366907  .00000842  00000-0  00000+0 0  9990
2 27540  48.8180 168.9654 8523912 268.0480   0.1458  0.37590093 15657
1 27540U 02048A   18162.88433175  .00000842  00000-0  00000+0 0  9992
2 27540  48.8183 168.9673 8523865 268.0470   0.2284  0.37590009 15652
1 27540U 02048A   18162.88477968 +.00000842 +00000-0 +00000-0 0  9991
2 27540 048.8181 168.9653 8523964 268.0475 000.2887 00.37589480004976
1 27540U 02048A   18165.54300581 +.00000836 +00000-0 +00000-0 0  9996
2 27540 048.8173 168.7445 8525956 268.1665 000.1185 00.37596984004987
1 27540U 02048A   18165.54308303  .00000836  00000-0  00000+0 0  9995
2 27540  48.8173 168.7450 8525964 268.1663   0.1268  0.37596312 15664
1 27540U 02048A   18165.54315859 +.00000836 +00000-0 +00000-0 0  9990
2 27540 048.8173 168.7455 8525978 268.1657 000.1388 00.37596580004980
1 27540U 02048A   18165.54354992 +.00000836 +00000-0 +00000-0 0  9991
2 27540 048.8174 168.7450 8525976 268.1661 000.1919 00.37596626004980
1 27540U 02048A   18165.54596336 +.00000836 +00000-0 +00000-0 0  9991
2 27540 048.8173 168.7450 8525982 268.1660 000.5183 00.37596322004974
1 27540U 02048A   18168.20194896 +.00000721 +00000-0 +00000-0 0  9995
2 27540 048.8166 168.5026 8525343 268.2872 000.0701 00.37602257004998
1 27540U 02048A   18168.20352121  .00000721  00000-0  00000+0 0  9991
2 27540  48.8164 168.5018 8525415 268.2880   0.2825  0.37601908 15674
1 27540U 02048A   18170.86017502 +.00000593 +00000-0 +00000-0 0  9995
2 27540 048.8127 168.3105 8524010 268.3563 000.0230 00.37600856005002
1 27540U 02048A   18170.86415490 +.00000592 +00000-0 +00000-0 0  9992
2 27540 048.8134 168.3111 8523914 268.3562 000.5626 00.37600721015688
1 27540U 02048A   18173.51877081 +.00000586 +00000-0 +00000-0 0  9998
2 27540 048.8062 168.1721 8524209 268.3838 000.0682 00.37600196005016
1 27540U 02048A   18173.51877181  .00000586  00000-0  00000+0 0  9998
2 27540  48.8061 168.1719 8524223 268.3838   0.0682  0.37600155 15698
1 27540U 02048A   18173.52043301 +.00000586 +00000-0 +00000-0 0  9999
2 27540 048.8062 168.1719 8524216 268.3837 000.2933 00.37600135005014
1 27540U 02048A   18173.52055708 +.00000586 +00000-0 +00000-0 0  9993
2 27540 048.8061 168.1717 8524222 268.3838 000.3102 00.37600143005006
1 27540U 02048A   18173.52057697  .00000586  00000-0  00000+0 0  9991
2 27540  48.8062 168.1696 8524189 268.3850   0.3099  0.37600081 15691
1 27540U 02048A   18176.17690994 +.00000670 +00000-0 +00000-0 0  9993
2 27540 048.8022 168.0396 8525810 268.4111 000.0874 00.37602582005028
1 27540U 02048A   18176.17808325 +.00000670 +00000-0 +00000-0 0  9992
2 27540 048.8022 168.0392 8525813 268.4114 000.2462 00.37602566005027
1 27540U 02048A   18176.17957178  .00000670  00000-0  00000+0 0  9992
2 27540  48.8023 168.0393 8525815 268.4113   0.4478  0.37602534 15700
1 27540U 02048A   18178.83598629 +.00000750 +00000-0 +00000-0 0  9999
2 27540 048.8055 167.9237 8527844 268.4318 000.2180 00.37600202005034
1 27540U 02048A   18178.83714402 +.00000750 +00000-0 +00000-0 0  9998
2 27540 048.8055 167.9235 8527844 268.4319 000.3748 00.37600210005033
1 27540U 02048A   18178.83733065  .00000750  00000-0  00000+0 0  9993
2 27540  48.8055 167.9234 8527831 268.4321   0.3993  0.37600158 15710
1 27540U 02048A   18181.49392320 +.00000808 +00000-0 +00000-0 0  9999
2 27540 048.8082 167.8223 8531006 268.4445 000.1768 00.37595892005044
1 27540U 02048A   18181.49534168 +.00000808 +00000-0 +00000-0 0  9997
2 27540 048.8083 167.8223 8531009 268.4444 000.3689 00.37595800005040
1 27540U 02048A   18181.49584758  .00000808  00000-0  00000+0 0  9996
2 27540  48.8082 167.8221 8530999 268.4446   0.4374  0.37595919 15725
1 27540U 02048A   18181.49649736 +.00000809 +00000-0 +00000-0 0  9996
2 27540 048.8082 167.8221 8531001 268.4446 000.5254 00.37595894005033
1 27540U 02048A   18184.15218994 +.00000856 +00000-0 +00000-0 0  9992
2 27540 048.8063 167.7019 8535370 268.4774 000.1434 00.37593603005057
1 27540U 02048A   18184.15218994  .00000856  00000-0  00000+0 0  9991
2 27540  48.8063 167.7019 8535370 268.4774   0.1434  0.37593603 15733
1 27540U 02048A   18184.15247396 +.00000856 +00000-0 +00000-0 0  9990
2 27540 048.8063 167.7014 8535367 268.4778 000.1798 00.37593508005059
1 27540U 02048A   18184.15247396  .00000856  00000-0  00000+0 0  9999
2 27540  48.8063 167.7014 8535367 268.4778   0.1798  0.37593508 15735
1 27540U 02048A   18184.15333784 +.00000856 +00000-0 +00000-0 0  9997
2 27540 048.8065 167.7012 8535391 268.4780 000.2950 00.37592895005058
1 27540U 02048A   18184.15400068  .00000856  00000-0  00000+0 0  9996
2 27540  48.8067 167.7016 8535355 268.4775   0.3920  0.37593263 15732
1 27540U 02048A   18186.81110038 +.00000894 +00000-0 +00000-0 0  9999
2 27540 048.8041 167.5466 8539496 268.5432 000.1713 00.37592646005069
1 27540U 02048A   18186.81160351 +.00000894 +00000-0 +00000-0 0  9992
2 27540 048.8041 167.5465 8539494 268.5433 000.2394 00.37592985005069
1 27540U 02048A   18186.81313582 +.00000894 +00000-0 +00000-0 0  9998
2 27540 048.8041 167.5465 8539500 268.5433 000.4469 00.37592502005067
1 27540U 02048A   18186.81332001  .00000894  00000-0  00000+0 0  9994
2 27540  48.8041 167.5462 8539494 268.5435   0.4717  0.37592722 15744
1 27540U 02048A   18189.47056548  .00000942  00000-0  00000+0 0  9992
2 27540  48.8039 167.3761 8542878 268.6259   0.2336  0.37592448 15757
1 27540U 02048A   18189.47107591 +.00000942 +00000-0 +00000-0 0  9998
2 27540 048.8040 167.3772 8542909 268.6247 000.3026 00.37592732005070
1 27540U 02048A   18189.47144615 +.00000942 +00000-0 +00000-0 0  9996
2 27540 048.8040 167.3760 8542887 268.6257 000.3520 00.37592690005064
1 27540U 02048A   18192.12961193 +.00000965 +00000-0 +00000-0 0  9995
2 27540 048.8040 167.1750 8545700 268.7322 000.1935 00.37597155005083
1 27540U 02048A   18192.12973972  .00000965  00000-0  00000+0 0  9992
2 27540  48.8043 167.1761 8545704 268.7314   0.2114  0.37597565 15764
1 27540U 02048A   18192.12982458  .00000965  00000-0  00000+0 0  9991
2 27540  48.8040 167.1750 8545700 268.7325   0.2225  0.37596710 15761
1 27540U 02048A   18192.12985754 +.00000965 +00000-0 +00000-0 0  9994
2 27540 048.8039 167.1749 8545701 268.7324 000.2268 00.37597013005085
1 27540U 02048A   18192.13015166 +.00000965 +00000-0 +00000-0 0  9996
2 27540 048.8040 167.1749 8545698 268.7325 000.2667 00.37596748005080
1 27540U 02048A   18194.78869142 +.00000880 +00000-0 +00000-0 0  9996
2 27540 048.8047 166.9251 8545925 268.8633 000.1613 00.37604112005094
1 27540U 02048A   18194.78869142  .00000880  00000-0  00000+0 0  9995
2 27540  48.8047 166.9251 8545925 268.8633   0.1613  0.37604112 15770
1 27540U 02048A   18194.78971892  .00000880  00000-0  00000+0 0  9991
2 27540  48.8047 166.9272 8545981 268.8616   0.3043  0.37604235 15771
1 27540U 02048A   18197.44924768  .00000737  00000-0  00000+0 0  9998
2 27540  48.8031 166.7097 8544143 268.9497   0.4195  0.37603413 15781
1 27540U 02048A   18197.45663106  .00000738  00000-0  00000+0 0  9996
2 27540  48.8046 166.7090 8545388 268.9166   0.5516  0.37514807 15781
1 27540U 02048A   18200.11677897  .00000693  00000-0  00000+0 0  9996
2 27540  48.8201 166.5318 8545568 268.9733   0.0502  0.37517071 15792
1 27540U 02048A   18208.10852247 +.00000894 +00000-0 +00000-0 0  9991
2 27540 048.7910 166.2058 8551609 269.0116 000.2753 00.37518873015810
1 27540U 02048A   18208.10852247 +.00000894 +00000-0 +00000-0 0  9991
2 27540 048.7910 166.2058 8551609 269.0116 000.2753 00.37518873015821
1 27540U 02048A   18237.33517668  .00000938  00000-0  00000+0 0  9991
2 27540  48.7913 164.4068 8574752 269.7193   0.5157  0.37586571 15923
1 27540U 02048A   18239.99038911  .00000969  00000-0  00000+0 0  9998
2 27540  48.7855 164.2576 8581095 269.7804   0.0475  0.37598985 15938
1 27540U 02048A   18239.99108133  .00000969  00000-0  00000+0 0  9992
2 27540  48.7855 164.2573 8581085 269.7801   0.1481  0.37599658 15937
1 27540U 02048A   18242.65107645  .00001006  00000-0  00000+0 0  9999
2 27540  48.7862 164.0821 8583526 269.8713   0.0772  0.37581769 15941
1 27540U 02048A   18242.65229057  .00001006  00000-0  00000+0 0  9991
2 27540  48.7861 164.0805 8583412 269.8720   0.2492  0.37581944 15940
1 27540U 02048A   18245.31099050  .00001048  00000-0  00000+0 0  9991
2 27540  48.7883 163.9039 8586176 269.9610   0.0840  0.37582903 15941
1 27540U 02048A   18245.31149711 +.00001048 +00000-0 +00000-0 0  9992
2 27540 048.7883 163.9038 8586180 269.9614 000.1497 00.37582828015944
1 27540U 02048A   18245.31214835  .00001048  00000-0  00000+0 0  9991
2 27540  48.7868 163.8953 8586206 269.9689   0.2371  0.37582430 15944
1 27540U 02048A   18247.97146936  .00001017  00000-0  00000+0 0  9997
2 27540  48.7883 163.6810 8588362 270.0853   0.1196  0.37588229 15948
1 27540U 02048A   18247.97246512  .00001017  00000-0  00000+0 0  9998
2 27540  48.7893 163.6873 8588384 270.0796   0.2557  0.37588753 15953
1 27540U 02048A   18250.63052108 +.00000867 +00000-0 +00000-0 0  9994
2 27540 048.7927 163.4223 8587657 270.2147 000.0012 00.37594120015973
1 27540U 02048A   18250.63052108  .00000867  00000-0  00000+0 0  9993
2 27540  48.7927 163.4223 8587657 270.2147   0.0012  0.37594120 15951
1 27540U 02048A   18250.63224918  .00000867  00000-0  00000+0 0  9993
2 27540  48.7932 163.4256 8587579 270.2118   0.2365  0.37594308 15966
1 27540U 02048A   18253.28916399 +.00000728 +00000-0 +00000-0 0  9995
2 27540 048.7914 163.2233 8585796 270.2808 359.9342 00.37590928015989
1 27540U 02048A   18253.28916400  .00000728  00000-0  00000+0 0  9997
2 27540  48.7914 163.2235 8585794 270.2806 359.9342  0.37590921 15968
1 27540U 02048A   18253.29218551  .00000727  00000-0  00000+0 0  9999
2 27540  48.7920 163.2269 8585679 270.2788   0.3447  0.37590711 15974
1 27540U 02048A   18255.94785880  .00000720  00000-0  00000+0 0  9990
2 27540  48.7841 163.0740 8587045 270.3135 359.9241  0.37590899 15976
1 27540U 02048A   18258.60725827 +.00000779 +00000-0 +00000-0 0  9996
2 27540 048.7840 162.9277 8589063 270.3535 359.9903 00.37590835016004
1 27540U 02048A   18258.60756790 +.00000779 +00000-0 +00000-0 0  9999
2 27540 048.7840 162.9275 8589022 270.3536 000.0310 00.37590842016002
1 27540U 02048A   18258.60864784  .00000779  00000-0  00000+0 0  9991
2 27540  48.7843 162.9290 8588918 270.3524   0.1770  0.37590758 15996
1 27540U 02048A   18261.26636771 +.00000813 +00000-0 +00000-0 0  9990
2 27540 048.7894 162.8093 8591331 270.3772 000.0140 00.37586916016015
1 27540U 02048A   18261.26793179  .00000813  00000-0  00000+0 0  9995
2 27540  48.7893 162.8090 8591340 270.3774   0.2261  0.37586948 15990
1 27540U 02048A   18261.26815283  .00000813  00000-0  00000+0 0  9996
2 27540  48.7892 162.8088 8591420 270.3774   0.2633  0.37587029 16002
1 27540U 02048A   18261.26903464  .00000813  00000-0  00000+0 0  9995
2 27540  48.7893 162.8094 8591067 270.3765   0.3730  0.37586858 16005
1 27540U 02048A   18261.26903464  .00000813  00000-0  00000+0 0  9995
2 27540  48.7893 162.8094 8591067 270.3765   0.3730  0.37586858 16005
1 27540U 02048A   18263.92529826 +.00000833 +00000-0 +00000-0 0  9999
2 27540 048.7920 162.6937 8595131 270.4031 359.9876 00.37582708016029
1 27540U 02048A   18263.92626963 +.00000833 +00000-0 +00000-0 0  9999
2 27540 048.7920 162.6936 8595135 270.4031 000.1190 00.37582663016026
1 27540U 02048A   18263.92683269 +.00000833 +00000-0 +00000-0 0  9991
2 27540 048.7920 162.6936 8595127 270.4030 000.1952 00.37582659016016
1 27540U 02048A   18263.92827971  .00000833  00000-0  00000+0 0  9990
2 27540  48.7922 162.6949 8595074 270.4016   0.3923  0.37582704 16018
1 27540U 02048A   18266.58508528 +.00000857 +00000-0 +00000-0 0  9996
2 27540 048.7916 162.5440 8599770 270.4610 000.0491 00.37580280016017
1 27540U 02048A   18269.24440692 +.00000889 +00000-0 +00000-0 0  9994
2 27540 048.7930 162.3607 8603728 270.5511 000.0065 00.37580329016028
1 27540U 02048A   18269.24593303 +.00000889 +00000-0 +00000-0 0  9992
2 27540 048.7930 162.3607 8603713 270.5511 000.2137 00.37580403016049
1 27540U 02048A   18269.24646466 +.00000889 +00000-0 +00000-0 0  9991
2 27540 048.7936 162.3645 8603720 270.5474 000.2863 00.37580804016033
1 27540U 02048A   18271.90446857  .00000933  00000-0  00000+0 0  9998
2 27540  48.7964 162.1704 8606466 270.6506   0.0268  0.37581300 16034
1 27540U 02048A   18271.90481155 +.00000933 +00000-0 +00000-0 0  9999
2 27540 048.7965 162.1703 8606499 270.6505 000.0735 00.37581582016052
1 27540U 02048A   18271.90525898  .00000933  00000-0  00000+0 0  9991
2 27540  48.7965 162.1703 8606491 270.6506   0.1360  0.37581684 16031
1 27540U 02048A   18274.56496181 +.00000930 +00000-0 +00000-0 0  9996
2 27540 048.7980 161.9615 8608537 270.7649 000.0414 00.37583778016067
1 27540U 02048A   18274.56516400  .00000930  00000-0  00000+0 0  9992
2 27540  48.7983 161.9619 8608526 270.7647   0.0690  0.37583881 16049
1 27540U 02048A   18274.56635262  .00000930  00000-0  00000+0 0  9990
2 27540  48.7983 161.9605 8608759 270.7647   0.1849  0.37578974 16046
1 27540U 02048A   18277.22475288 +.00000802 +00000-0 +00000-0 0  9995
2 27540 048.8044 161.7146 8608631 270.8944 359.9858 00.37590880016071
1 27540U 02048A   18277.22613830  .00000802  00000-0  00000+0 0  9991
2 27540  48.8044 161.7145 8608633 270.8944   0.1733  0.37590843 16067
1 27540U 02048A   18279.88684372  .00000636  00000-0  00000+0 0  9999
2 27540  48.8088 161.4884 8606437 270.9897   0.3182  0.37590156 16078
1 27540U 02048A   18282.54470322  .00000588  00000-0  00000+0 0  9990
2 27540  48.8031 161.3364 8606576 271.0236   0.1714  0.37587780 16080
1 27540U 02048A   18282.54509058 +.00000588 +00000-0 +00000-0 0  9990
2 27540 048.8031 161.3360 8606583 271.0237 000.2224 00.37587733016080
1 27540U 02048A   18282.55299481  .00000589  00000-0  00000+0 0  9997
2 27540  48.8022 161.3352 8606838 270.9969   0.7118  0.37528858 16084
1 27540U 02048A   18357.00720852  .00000963  00000-0  00000+0 0  9997
2 27540  48.9423 156.3680 8666530 273.1186   0.3433  0.37597067 16353
1 27540U 02048A   18359.66582045 +.00000847 +00000-0 +00000-0 0  9993
2 27540 048.9585 156.1192 8665584 273.2416 000.2980 00.37595961016383
1 27540U 02048A   18359.66582045  .00000847  00000-0  00000+0 0  9992
2 27540  48.9585 156.1192 8665584 273.2416   0.2980  0.37595961 16361
1 27540U 02048A   18364.98207643  .00000723  00000-0  00000+0 0  9994
2 27540  48.9603 155.7407 8665151 273.3718   0.3483  0.37603014 16382
1 27540U 02048A   18364.98365843 +.00000723 +00000-0 +00000-0 0  9992
2 27540 048.9603 155.7406 8665153 273.3717 000.5621 00.37602948016406
1 27540U 02048A   19002.63861448 +.00000793 +00000-0 +00000-0 0  9993
2 27540 048.9671 155.5851 8667127 273.4213 000.1388 00.37603524016416
1 27540U 02048A   19002.63990229 +.00000793 +00000-0 +00000-0 0  9993
2 27540 048.9675 155.5839 8667095 273.4220 000.3140 00.37603481016407
1 27540U 02048A   19002.64050350 +.00000793 +00000-0 +00000-0 0  9996
2 27540 048.9673 155.5854 8667137 273.4210 000.3946 00.37603435016412
1 27540U 02048A   19005.29780562 +.00000829 +00000-0 +00000-0 0  9995
2 27540 048.9776 155.4561 8669602 273.4541 000.2863 00.37599291016428
1 27540U 02048A   19005.29942220  .00000829  00000-0  00000+0 0  9995
2 27540  48.9776 155.4559 8669606 273.4541   0.5052  0.37599268 16415
1 27540U 02048A   19007.95527772 +.00000851 +00000-0 +00000-0 0  9997
2 27540 048.9839 155.3330 8673475 273.4859 000.1732 00.37595142016432
1 27540U 02048A   19007.95527776 +.00000851 +00000-0 +00000-0 0  9991
2 27540 048.9839 155.3329 8673469 273.4860 000.1733 00.37595242016437
1 27540U 02048A   19007.95763375 +.00000852 +00000-0 +00000-0 0  9999
2 27540 048.9839 155.3330 8673486 273.4858 000.4921 00.37595014016434
1 27540U 02048A   19007.95796079  .00000852  00000-0  00000+0 0  9995
2 27540  48.9839 155.3331 8673489 273.4858   0.5374  0.37595123 16421
1 27540U 02048A   19010.61344502 +.00000902 +00000-0 +00000-0 0  9999
2 27540 048.9887 155.1761 8677849 273.5508 000.1169 00.37594206016447
1 27540U 02048A   19010.61492046  .00000902  00000-0  00000+0 0  9995
2 27540  48.9887 155.1762 8677856 273.5509   0.3166  0.37593924 16420
1 27540U 02048A   19013.27319774 +.00000978 +00000-0 +00000-0 0  9990
2 27540 048.9967 154.9931 8681309 273.6407 000.2393 00.37593173016450
1 27540U 02048A   19013.27711321  .00000978  00000-0  00000+0 0  9993
2 27540  48.9966 154.9928 8681311 273.6409   0.7695  0.37593502 16445
1 27540U 02048A   19015.93178180  .00001070  00000-0  00000+0 0  9992
2 27540  49.0063 154.8079 8684055 273.7354   0.1770  0.37593325 16451
1 27540U 02048A   19015.93180707 +.00001070 +00000-0 +00000-0 0  9991
2 27540 049.0063 154.8093 8684095 273.7345 000.1823 00.37593280016461
1 27540U 02048A   19015.93302104 +.00001070 +00000-0 +00000-0 0  9998
2 27540 049.0063 154.8091 8684092 273.7346 000.3461 00.37593230016462
1 27540U 02048A   19018.59086482 +.00001116 +00000-0 +00000-0 0  9992
2 27540 049.0176 154.5876 8686312 273.8555 000.1562 00.37599082016477
1 27540U 02048A   19018.59086482  .00001116  00000-0  00000+0 0  9991
2 27540  49.0176 154.5876 8686312 273.8555   0.1562  0.37599082 16455
1 27540U 02048A   19018.59143731  .00001116  00000-0  00000+0 0  9992
2 27540  49.0176 154.5870 8686295 273.8562   0.2295  0.37598869 16464
1 27540U 02048A   19018.59149828 +.00001116 +00000-0 +00000-0 0  9996
2 27540 049.0175 154.5871 8686305 273.8563 000.2373 00.37598772016478
1 27540U 02048A   19021.25091431  .00001026  00000-0  00000+0 0  9998
2 27540  49.0334 154.3139 8685914 273.9999   0.2753  0.37605773 16471
1 27540U 02048A   19023.90993774 +.00000873 +00000-0 +00000-0 0  9993
2 27540 049.0421 154.0856 8684019 274.0913 000.3518 00.37603440016484
1 27540U 02048A   19023.91352896 +.00000873 +00000-0 +00000-0 0  9998
2 27540 049.0421 154.0859 8684035 274.0915 000.8380 00.37603542016482
1 27540U 02048A   19026.56515303 +.00000826 +00000-0 +00000-0 0  9994
2 27540 049.0418 153.9134 8684906 274.1421 359.9686 00.37602656016507
1 27540U 02048A   19026.56893870  .00000826  00000-0  00000+0 0  9991
2 27540  49.0418 153.9129 8684915 274.1424   0.4810  0.37602669 16493
1 27540U 02048A   19029.22455953 +.00000878 +00000-0 +00000-0 0  9991
2 27540 049.0478 153.7438 8686949 274.1994 000.1523 00.37603381016514
1 27540U 02048A   19029.22455953  .00000878  00000-0  00000+0 0  9990
2 27540  49.0478 153.7438 8686949 274.1994   0.1523  0.37603381 16491
1 27540U 02048A   19029.22624814  .00000878  00000-0  00000+0 0  9994
2 27540  49.0479 153.7437 8686928 274.1994   0.3824  0.37603350 16490
1 27540U 02048A   19031.88243966 +.00000907 +00000-0 +00000-0 0  9998
2 27540 049.0584 153.6082 8689271 274.2367 000.1143 00.37599659016523
1 27540U 02048A   19031.88302078 +.00000907 +00000-0 +00000-0 0  9998
2 27540 049.0584 153.6082 8689275 274.2366 000.1931 00.37599655016527
1 27540U 02048A   19031.88445516  .00000907  00000-0  00000+0 0  9992
2 27540  49.0587 153.6085 8689276 274.2361   0.3877  0.37599586 16501
1 27540U 02048A   19034.54027256  .00000906  00000-0  00000+0 0  9994
2 27540  49.0661 153.4857 8693038 274.2668   0.0511  0.37595144 16519
1 27540U 02048A   19034.54221115  .00000906  00000-0  00000+0 0  9994
2 27540  49.0661 153.4859 8693058 274.2669   0.3179  0.37595450 16528
1 27540U 02048A   19034.54245974 +.00000906 +00000-0 +00000-0 0  9994
2 27540 049.0661 153.4855 8693037 274.2671 000.3473 00.37595240016539
1 27540U 02048A   19034.57366203  .00000906  00000-0  00000+0 0  9995
2 27540  49.0640 153.4783 8692824 274.2751   4.5633  0.37606035 16526
1 27540U 02048A   19034.57366869  .00000906  00000-0  00000+0 0  9993
2 27540  49.0654 153.4802 8693050 274.2698   4.5626  0.37594412 16522
1 27540U 02048A   19037.23205576  .00000932  00000-0  00000+0 0  9995
2 27540  49.0711 153.3264 8697434 274.3309   4.5299  0.37604033 16535
1 27540U 02048A   19037.23205820  .00000933  00000-0  00000+0 0  9998
2 27540  49.0709 153.3264 8697761 274.3309   4.5282  0.37589671 16537
1 27540U 02048A   19037.23280121  .00000933  00000-0  00000+0 0  9995
2 27540  49.0688 153.3428 8699228 274.3311   4.5205  0.37599739 16539
1 27540U 02048A   19039.89073154  .00000992  00000-0  00000+0 0  9990
2 27540  49.0805 153.1581 8702088 274.4268   4.4913  0.37582909 16546
1 27540U 02048A   19039.89081508  .00000992  00000-0  00000+0 0  9992
2 27540  49.0801 153.1428 8701126 274.4219   4.4968  0.37587291 16549
1 27540U 02048A   19042.54986751  .00001073  00000-0  00000+0 0  9993
2 27540  49.0894 152.9589 8704357 274.5093   4.4819  0.37597577 16550
1 27540U 02048A   19042.54986871  .00001073  00000-0  00000+0 0  9996
2 27540  49.0904 152.9594 8704557 274.5103   4.4808  0.37587819 16558
1 27540U 02048A   19042.54987087  .00001073  00000-0  00000+0 0  9996
2 27540  49.0896 152.9558 8704394 274.5122   4.4814  0.37591957 16553
1 27540U 02048A   19042.55062476  .00001073  00000-0  00000+0 0  9993
2 27540  49.0904 152.9572 8704598 274.5322   4.4785  0.37592311 16559
1 27540U 02048A   19045.20921282  .00001131  00000-0  00000+0 0  9992
2 27540  49.0992 152.7601 8707205 274.6180   4.4716  0.37587593 16569
1 27540U 02048A   19045.20921908 +.00001130 +00000-0 +00000-0 0  9997
2 27540 049.1004 152.7592 8706884 274.6161 004.4733 00.37595387016585
1 27540U 02048A   19045.20921908  .00001130  00000-0  00000+0 0  9996
2 27540  49.1004 152.7592 8706884 274.6161   4.4733  0.37595387 16563
1 27540U 02048A   19047.86852223  .00001065  00000-0  00000+0 0  9990
2 27540  49.1166 152.4934 8707751 274.7656   4.4341  0.37608542 16577
1 27540U 02048A   19047.86861746  .00001064  00000-0  00000+0 0  9999
2 27540  49.1166 152.4322 8703939 274.8198   4.4480  0.37586804 16574
1 27540U 02048A   19047.86873151 +.00001064 +00000-0 +00000-0 0  9993
2 27540 049.1190 152.4247 8703438 274.8203 004.4504 00.37588091016597
1 27540U 02048A   19047.86873151  .00001064  00000-0  00000+0 0  9992
2 27540  49.1190 152.4247 8703438 274.8203   4.4504  0.37588091 16575
1 27540U 02048A   19047.86967965  .00001063  00000-0  00000+0 0  9998
2 27540  49.1205 152.4260 8703220 274.8094   4.4525  0.37601304 16570
1 27540U 02048A   19050.52701622  .00000893  00000-0  00000+0 0  9991
2 27540  49.1337 152.2217 8705684 274.8947   4.3640  0.37601756 16588
1 27540U 02048A   19050.52702420 +.00000893 +00000-0 +00000-0 0  9999
2 27540 049.1327 152.2230 8705647 274.8984 004.3640 00.37603744016604
1 27540U 02048A   19050.52707737  .00000893  00000-0  00000+0 0  9994
2 27540  49.1294 152.2437 8703123 274.8754   4.3788  0.37596739 16583
1 27540U 02048A   19053.18476883  .00000792  00000-0  00000+0 0  9992
2 27540  49.1352 152.0443 8705465 274.9446   4.2961  0.37598137 16590
1 27540U 02048A   19053.18477763  .00000792  00000-0  00000+0 0  9990
2 27540  49.1363 152.0479 8705416 274.9461   4.2963  0.37598072 16594
1 27540U 02048A   19053.18490421  .00000791  00000-0  00000+0 0  9995
2 27540  49.1276 152.0585 8705488 274.9270   4.2975  0.37599571 16590
1 27540U 02048A   19055.84281988  .00000812  00000-0  00000+0 0  9990
2 27540  49.1389 151.8602 8707707 275.0090   4.2651  0.37599631 16600
1 27540U 02048A   19055.84282006  .00000812  00000-0  00000+0 0  9992
2 27540  49.1385 151.8574 8707646 275.0125   4.2651  0.37601397 16608
1 27540U 02048A   19055.84301073 +.00000812 +00000-0 +00000-0 0  9999
2 27540 049.1352 151.8983 8707364 274.9814 004.2697 00.37599115016622
1 27540U 02048A   19055.84301073  .00000812  00000-0  00000+0 0  9998
2 27540  49.1352 151.8983 8707364 274.9814   4.2697  0.37599115 16600
1 27540U 02048A   19058.50118080  .00000832  00000-0  00000+0 0  9990
2 27540  49.1475 151.6953 8709680 275.0675   4.2697  0.37599295 16611
1 27540U 02048A   19058.50122913 +.00000832 +00000-0 +00000-0 0  9991
2 27540 049.1465 151.6971 8709771 275.0675 004.2693 00.37599978016637
1 27540U 02048A   19058.50123230  .00000832  00000-0  00000+0 0  9993
2 27540  49.1518 151.6999 8709902 275.0609   4.2692  0.37595599 16611
1 27540U 02048A   19061.15967950  .00000809  00000-0  00000+0 0  9997
2 27540  49.1625 151.5770 8713607 275.0892   4.2612  0.37590422 16620
1 27540U 02048A   19063.81824698  .00000807  00000-0  00000+0 0  9991
2 27540  49.1680 151.4194 8717725 275.1530   4.2288  0.37588980 16631
1 27540U 02048A   19063.81825165  .00000806  00000-0  00000+0 0  9990
2 27540  49.1673 151.4217 8717697 275.1513   4.2293  0.37594636 16639
1 27540U 02048A   19063.81852283  .00000807  00000-0  00000+0 0  9992
2 27540  49.1682 151.4317 8719676 275.1511   4.2189  0.37591215 16631
1 27540U 02048A   19063.81883389  .00000807  00000-0  00000+0 0  9993
2 27540  49.1654 151.4335 8719552 275.1556   4.2188  0.37595540 16636
1 27540U 02048A   19066.47704777  .00000847  00000-0  00000+0 0  9995
2 27540  49.1785 151.2304 8721888 275.2441   4.1900  0.37595913 16640
1 27540U 02048A   19066.47704856  .00000847  00000-0  00000+0 0  9993
2 27540  49.1787 151.2306 8722000 275.2440   4.1894  0.37590223 16641
1 27540U 02048A   19066.47761568  .00000848  00000-0  00000+0 0  9997
2 27540  49.1791 151.2322 8722499 275.2633   4.1847  0.37591975 16643
1 27540U 02048A   19066.47803852 +.00000848 +00000-0 +00000-0 0  9991
2 27540 049.1784 151.2324 8722443 275.2636 004.1849 00.37597936016666
1 27540U 02048A   19066.47803852  .00000848  00000-0  00000+0 0  9990
2 27540  49.1784 151.2324 8722443 275.2636   4.1849  0.37597936 16644
1 27540U 02048A   19069.13618163  .00000917  00000-0  00000+0 0  9992
2 27540  49.1930 151.0331 8725021 275.3568   4.1701  0.37581190 16656
1 27540U 02048A   19069.13664237  .00000918  00000-0  00000+0 0  9996
2 27540  49.1929 151.0366 8725015 275.3663   4.1692  0.37587299 16656
1 27540U 02048A   19069.13765490  .00000917  00000-0  00000+0 0  9998
2 27540  49.1906 151.0357 8724842 275.3668   4.1700  0.37601358 16656
1 27540U 02048A   19071.79571210  .00000984  00000-0  00000+0 0  9992
2 27540  49.2038 150.8423 8727156 275.4483   4.1703  0.37588120 16666
1 27540U 02048A   19071.79575953  .00000984  00000-0  00000+0 0  9990
2 27540  49.2060 150.8253 8726668 275.4547   4.1721  0.37579411 16663
1 27540U 02048A   19074.45518162  .00000953  00000-0  00000+0 0  9991
2 27540  49.2172 150.5759 8728501 275.6089   4.1431  0.37590798 16676
1 27540U 02048A   19074.45542549  .00000952  00000-0  00000+0 0  9996
2 27540  49.2234 150.5194 8725243 275.6529   4.1549  0.37584504 16675
1 27540U 02048A   19074.45566193  .00000952  00000-0  00000+0 0  9997
2 27540  49.2246 150.5165 8725139 275.6528   4.1554  0.37586993 16679
1 27540U 02048A   19077.11414636  .00000788  00000-0  00000+0 0  9994
2 27540  49.2419 150.3043 8727020 275.7418   4.0808  0.37602078 16689
1 27540U 02048A   19077.11422799 +.00000788 +00000-0 +00000-0 0  9994
2 27540 049.2420 150.3077 8724667 275.7502 004.0915 00.37593406016702
1 27540U 02048A   19077.11422799  .00000788  00000-0  00000+0 0  9993
2 27540  49.2420 150.3077 8724667 275.7502   4.0915  0.37593406 16689
1 27540U 02048A   19079.77226782  .00000643  00000-0  00000+0 0  9991
2 27540  49.2507 150.1013 8725229 275.8140   4.0120  0.37595140 16693
1 27540U 02048A   19079.77226833  .00000643  00000-0  00000+0 0  9998
2 27540  49.2514 150.1039 8725189 275.8149   4.0123  0.37597215 16691
1 27540U 02048A   19082.43031574  .00000631  00000-0  00000+0 0  9998
2 27540  49.2532 149.9234 8727337 275.8680   3.9714  0.37596776 16708
1 27540U 02048A   19082.43031580 +.00000631 +00000-0 +00000-0 0  9996
2 27540 049.2538 149.9249 8727298 275.8692 003.9716 00.37598718016721
1 27540U 02048A   19082.43031580  .00000631  00000-0  00000+0 0  9995
2 27540  49.2538 149.9249 8727298 275.8692   3.9716  0.37598718 16709
1 27540U 02048A   19082.43049809  .00000631  00000-0  00000+0 0  9998
2 27540  49.2485 149.9465 8727186 275.8492   3.9738  0.37598121 16706
1 27540U 02048A   19082.43061941 +.00000630 +00000-0 +00000-0 0  9999
2 27540 049.2483 149.9466 8727150 275.8478 003.9741 00.37599808016729
1 27540U 02048A   19085.08873750  .00000652  00000-0  00000+0 0  9995
2 27540  49.2647 149.7383 8729380 275.9387   3.9742  0.37596136 16715
1 27540U 02048A   19085.08876750  .00000653  00000-0  00000+0 0  9999
2 27540  49.2693 149.7732 8730052 275.9127   3.9735  0.37594501 16710
1 27540U 02048A   19085.08906852  .00000653  00000-0  00000+0 0  9996
2 27540  49.2607 149.8121 8729922 275.8881   3.9765  0.37598326 16710
1 27540U 02048A   19085.08924039 +.00000652 +00000-0 +00000-0 0  9993
2 27540 049.2605 149.8121 8729870 275.8870 003.9769 00.37600642016739
1 27540U 02048A   19087.74731160  .00000624  00000-0  00000+0 0  9997
2 27540  49.2755 149.6030 8732073 275.9794   3.9786  0.37599672 16725
1 27540U 02048A   19087.74731796  .00000624  00000-0  00000+0 0  9992
2 27540  49.2774 149.6039 8732183 275.9755   3.9783  0.37590235 16727
1 27540U 02048A   19087.74757679  .00000625  00000-0  00000+0 0  9991
2 27540  49.2770 149.6590 8734313 275.9388   3.9713  0.37594159 16726
1 27540U 02048A   19087.74763372  .00000625  00000-0  00000+0 0  9998
2 27540  49.2723 149.6685 8734276 275.9329   3.9718  0.37594788 16725
1 27540U 02048A   19087.74776750 +.00000625 +00000-0 +00000-0 0  9993
2 27540 049.2730 149.6688 8734244 275.9345 003.9719 00.37596741016743
1 27540U 02048A   19087.74776750  .00000625  00000-0  00000+0 0  9992
2 27540  49.2730 149.6688 8734244 275.9345   3.9719  0.37596741 16721
1 27540U 02048A   19090.40602644 +.00000603 +00000-0 +00000-0 0  9996
2 27540 049.2873 149.4565 8736331 276.0321 003.9553 00.37601286016756
1 27540U 02048A   19090.40602644  .00000603  00000-0  00000+0 0  9995
2 27540  49.2873 149.4565 8736331 276.0321   3.9553  0.37601286 16734
1 27540U 02048A   19090.40603039  .00000603  00000-0  00000+0 0  9994
2 27540  49.2886 149.4586 8736746 276.0276   3.9533  0.37585183 16735
1 27540U 02048A   19090.40702293 +.00000603 +00000-0 +00000-0 0  9997
2 27540 049.2854 149.4815 8738461 276.0229 003.9449 00.37600284016757
1 27540U 02048A   19090.40703932  .00000603  00000-0  00000+0 0  9997
2 27540  49.2851 149.4820 8738440 276.0221   3.9451  0.37600468 16734
1 27540U 02048A   19093.06494068  .00000633  00000-0  00000+0 0  9992
2 27540  49.2996 149.2691 8740742 276.1203   3.9211  0.37589322 16747
1 27540U 02048A   19093.06494849  .00000634  00000-0  00000+0 0  9990
2 27540  49.3002 149.2717 8740845 276.1217   3.9202  0.37582058 16743
1 27540U 02048A   19093.06535022  .00000634  00000-0  00000+0 0  9999
2 27540  49.3000 149.2748 8741624 276.1283   3.9156  0.37588206 16743
1 27540U 02048A   19093.06598430  .00000634  00000-0  00000+0 0  9991
2 27540  49.3000 149.2757 8741519 276.1306   3.9158  0.37597233 16744
1 27540U 02048A   19095.72422950  .00000703  00000-0  00000+0 0  9996
2 27540  49.3148 149.0640 8743689 276.2284   3.9078  0.37585766 16752
1 27540U 02048A   19095.72423000 +.00000703 +00000-0 +00000-0 0  9994
2 27540 049.3149 149.0647 8743611 276.2264 003.9085 00.37596523016776
1 27540U 02048A   19095.72423252  .00000703  00000-0  00000+0 0  9992
2 27540  49.3153 149.0658 8743644 276.2295   3.9079  0.37583010 16751
1 27540U 02048A   19098.38390166  .00000786  00000-0  00000+0 0  9995
2 27540  49.3308 148.8626 8745659 276.3354   3.9188  0.37599374 16762
1 27540U 02048A   19098.38390422  .00000786  00000-0  00000+0 0  9990
2 27540  49.3301 148.8623 8745759 276.3372   3.9181  0.37590685 16762
1 27540U 02048A   19098.38391017  .00000786  00000-0  00000+0 0  9991
2 27540  49.3295 148.8571 8745736 276.3457   3.9173  0.37581941 16761
1 27540U 02048A   19098.38448316  .00000786  00000-0  00000+0 0  9996
2 27540  49.3313 148.8471 8745307 276.3639   3.9177  0.37585147 16763
1 27540U 02048A   19101.04362001  .00000799  00000-0  00000+0 0  9994
2 27540  49.3477 148.6352 8747316 276.4603   3.9164  0.37597918 16770
1 27540U 02048A   19103.70294632  .00000671  00000-0  00000+0 0  9992
2 27540  49.3703 148.3416 8746221 276.6390   3.8701  0.37590039 16783
1 27540U 02048A   19103.70298485 +.00000671 +00000-0 +00000-0 0  9993
2 27540 049.3714 148.3381 8742438 276.6315 003.8890 00.37586675016802
1 27540U 02048A   19103.70299989  .00000671  00000-0  00000+0 0  9992
2 27540  49.3707 148.3410 8742897 276.6340   3.8866  0.37587241 16784
1 27540U 02048A   19103.70349641  .00000671  00000-0  00000+0 0  9993
2 27540  49.3706 148.3376 8742037 276.6201   3.8918  0.37593742 16787
1 27540U 02048A   19109.01970130  .00000471  00000-0  00000+0 0  9994
2 27540  49.3889 147.9560 8745157 276.7578   3.7698  0.37594691 16804
1 27540U 02048A   19109.01970650  .00000471  00000-0  00000+0 0  9991
2 27540  49.3904 147.9576 8744975 276.7615   3.7703  0.37594635 16803
1 27540U 02048A   19109.01984099 +.00000471 +00000-0 +00000-0 0  9994
2 27540 049.3861 147.9666 8745174 276.7502 003.7704 00.37596145016823
1 27540U 02048A   19109.01984099  .00000471  00000-0  00000+0 0  9993
2 27540  49.3861 147.9666 8745174 276.7502   3.7704  0.37596145 16801
1 27540U 02048A   19109.01995033  .00000470  00000-0  00000+0 0  9992
2 27540  49.3840 147.9704 8745084 276.7449   3.7713  0.37597623 16803
1 27540U 02048A   19111.67825393  .00000503  00000-0  00000+0 0  9995
2 27540  49.4019 147.7612 8747215 276.8359   3.7756  0.37595283 16815
1 27540U 02048A   19111.67825625  .00000504  00000-0  00000+0 0  9994
2 27540  49.4033 147.7688 8747263 276.8295   3.7761  0.37595069 16814
1 27540U 02048A   19111.67827385 +.00000503 +00000-0 +00000-0 0  9999
2 27540 049.4002 147.7594 8747146 276.8395 003.7755 00.37598216016839
1 27540U 02048A   19111.67839048  .00000504  00000-0  00000+0 0  9998
2 27540  49.3997 147.8120 8747327 276.8015   3.7785  0.37595159 16811
1 27540U 02048A   19111.67844038 +.00000504 +00000-0 +00000-0 0  9994
2 27540 049.3972 147.8184 8747250 276.7952 003.7795 00.37595749016836
1 27540U 02048A   19111.67844038  .00000504  00000-0  00000+0 0  9993
2 27540  49.3972 147.8184 8747250 276.7952   3.7795  0.37595749 16814
1 27540U 02048A   19114.33700505  .00000490  00000-0  00000+0 0  9993
2 27540  49.4203 147.6173 8749642 276.8765   3.7947  0.37589994 16823
1 27540U 02048A   19114.33701981  .00000490  00000-0  00000+0 0  9992
2 27540  49.4166 147.6072 8749468 276.8862   3.7945  0.37590420 16827
1 27540U 02048A   19114.33709106  .00000490  00000-0  00000+0 0  9999
2 27540  49.4215 147.5897 8749818 276.9017   3.7914  0.37591405 16828
1 27540U 02048A   19114.33737757  .00000490  00000-0  00000+0 0  9992
2 27540  49.4119 147.6800 8751173 276.8388   3.7910  0.37594841 16826
1 27540U 02048A   19114.33773479 +.00000490 +00000-0 +00000-0 0  9994
2 27540 049.4110 147.6814 8751109 276.8365 003.7915 00.37599902016846
1 27540U 02048A   19116.99582570  .00000464  00000-0  00000+0 0  9998
2 27540  49.4281 147.4679 8753368 276.9324   3.7878  0.37590939 16835
1 27540U 02048A   19116.99644935  .00000464  00000-0  00000+0 0  9992
2 27540  49.4241 147.5015 8755556 276.9168   3.7786  0.37593691 16839
1 27540U 02048A   19119.65490727  .00000492  00000-0  00000+0 0  9997
2 27540  49.4421 147.2875 8757830 277.0159   3.7647  0.37583836 16846
1 27540U 02048A   19119.65502337  .00000492  00000-0  00000+0 0  9998
2 27540  49.4459 147.2678 8756760 277.0271   3.7688  0.37582850 16844
1 27540U 02048A   19119.65518111  .00000492  00000-0  00000+0 0  9995
2 27540  49.4412 147.2940 8758773 277.0190   3.7597  0.37585490 16843
1 27540U 02048A   19122.31430653  .00000571  00000-0  00000+0 0  9994
2 27540  49.4588 147.0799 8760724 277.1237   3.7600  0.37598284 16850
1 27540U 02048A   19122.31436141 +.00000571 +00000-0 +00000-0 0  9993
2 27540 049.4584 147.0820 8760641 277.1231 003.7604 00.37597121016878
1 27540U 02048A   19122.31437652  .00000571  00000-0  00000+0 0  9990
2 27540  49.4586 147.0876 8760567 277.1268   3.7603  0.37579413 16859
1 27540U 02048A   19122.31492776  .00000571  00000-0  00000+0 0  9998
2 27540  49.4582 147.0903 8760705 277.1336   3.7590  0.37586580 16854
1 27540U 02048A   19122.31531640  .00000571  00000-0  00000+0 0  9992
2 27540  49.4577 147.0893 8760700 277.1354   3.7588  0.37592110 16854
1 27540U 02048A   19124.97415858  .00000674  00000-0  00000+0 0  9992
2 27540  49.4774 146.8751 8762866 277.2368   3.7813  0.37582916 16869
1 27540U 02048A   19124.97417386  .00000675  00000-0  00000+0 0  9991
2 27540  49.4764 146.8679 8762475 277.2504   3.7818  0.37576215 16865
1 27540U 02048A   19130.29379755  .00000663  00000-0  00000+0 0  9997
2 27540  49.5197 146.3829 8763932 277.5055   3.7826  0.37596754 16871
1 27540U 02048A   19130.29379803 +.00000663 +00000-0 +00000-0 0  9992
2 27540 049.5201 146.3828 8763891 277.5042 003.7829 00.37597053016906
1 27540U 02048A   19130.29380274  .00000663  00000-0  00000+0 0  9995
2 27540  49.5192 146.3754 8763834 277.5157   3.7820  0.37590651 16871
1 27540U 02048A   19130.29390277  .00000663  00000-0  00000+0 0  9999
2 27540  49.5222 146.3547 8760010 277.5309   3.7983  0.37583272 16878
1 27540U 02048A   19130.29396554 +.00000663 +00000-0 +00000-0 0  9994
2 27540 049.5224 146.3542 8759875 277.5290 003.7991 00.37584085016907
1 27540U 02048A   19130.29450450  .00000663  00000-0  00000+0 0  9999
2 27540  49.5226 146.3518 8759708 277.5254   3.8002  0.37591536 16876
1 27540U 02048A   19132.95267379  .00000507  00000-0  00000+0 0  9997
2 27540  49.5420 146.1370 8761699 277.6180   3.7289  0.37598262 16887
1 27540U 02048A   19132.95267532  .00000507  00000-0  00000+0 0  9998
2 27540  49.5424 146.1402 8761845 277.6160   3.7283  0.37594497 16888
1 27540U 02048A   19132.95271795  .00000507  00000-0  00000+0 0  9994
2 27540  49.5436 146.1465 8761066 277.6192   3.7316  0.37591978 16888
1 27540U 02048A   19132.95293516  .00000507  00000-0  00000+0 0  9999
2 27540  49.5332 146.1810 8759364 277.5774   3.7433  0.37593695 16888
1 27540U 02048A   19135.61108349  .00000446  00000-0  00000+0 0  9996
2 27540  49.5482 145.9645 8761433 277.6691   3.6911  0.37593434 16898
1 27540U 02048A   19135.61123067  .00000446  00000-0  00000+0 0  9990
2 27540  49.5451 145.9809 8761652 277.6559   3.6915  0.37594812 16897
1 27540U 02048A   19135.61125839  .00000446  00000-0  00000+0 0  9999
2 27540  49.5410 145.9904 8761505 277.6456   3.6932  0.37595314 16898
1 27540U 02048A   19138.26966165 +.00000488 +00000-0 +00000-0 0  9995
2 27540 049.5592 145.7756 8763503 277.7420 003.6964 00.37597788016931
1 27540U 02048A   19138.26966458 +.00000488 +00000-0 +00000-0 0  9990
2 27540 049.5606 145.7860 8763670 277.7327 003.6967 00.37596322016930
1 27540U 02048A   19138.26966554  .00000488  00000-0  00000+0 0  9996
2 27540  49.5606 145.7847 8763573 277.7341   3.6970  0.37596453 16909
1 27540U 02048A   19138.26981070  .00000488  00000-0  00000+0 0  9996
2 27540  49.5556 145.8192 8763360 277.7101   3.7005  0.37596289 16902
1 27540U 02048A   19140.92835776  .00000500  00000-0  00000+0 0  9998
2 27540  49.5786 145.6104 8765544 277.7976   3.7253  0.37592883 16916
1 27540U 02048A   19140.92844659  .00000500  00000-0  00000+0 0  9998
2 27540  49.5788 145.6628 8766787 277.7610   3.7231  0.37593176 16916
1 27540U 02048A   19140.92855879  .00000500  00000-0  00000+0 0  9994
2 27540  49.5746 145.6793 8766792 277.7520   3.7239  0.37594645 16919
1 27540U 02048A   19140.92903460  .00000500  00000-0  00000+0 0  9994
2 27540  49.5713 145.6865 8766701 277.7462   3.7250  0.37601613 16915
1 27540U 02048A   19140.92904550 +.00000500 +00000-0 +00000-0 0  9996
2 27540 049.5712 145.6865 8766705 277.7461 003.7251 00.37601726016946
1 27540U 02048A   19143.58709130  .00000475  00000-0  00000+0 0  9998
2 27540  49.5925 145.4751 8769079 277.8366   3.7320  0.37587479 16929
1 27540U 02048A   19143.58733642  .00000475  00000-0  00000+0 0  9993
2 27540  49.5900 145.5127 8771111 277.8140   3.7248  0.37591231 16920
1 27540U 02048A   19143.58737728  .00000475  00000-0  00000+0 0  9992
2 27540  49.5892 145.5152 8771102 277.8144   3.7248  0.37591771 16921
1 27540U 02048A   19146.24600314  .00000498  00000-0  00000+0 0  9993
2 27540  49.6051 145.3036 8773314 277.9122   3.7174  0.37592335 16938
1 27540U 02048A   19146.24600356 +.00000498 +00000-0 +00000-0 0  9990
2 27540 049.6050 145.3040 8773328 277.9128 003.7173 00.37590966016963
1 27540U 02048A   19146.24600733  .00000499  00000-0  00000+0 0  9999
2 27540  49.6054 145.3063 8773483 277.9126   3.7166  0.37584645 16938
1 27540U 02048A   19146.24638458  .00000498  00000-0  00000+0 0  9993
2 27540  49.6036 145.3201 8774573 277.9117   3.7117  0.37589680 16933
1 27540U 02048A   19146.24648235 +.00000498 +00000-0 +00000-0 0  9998
2 27540 049.6031 145.3212 8774566 277.9120 003.7117 00.37591076016961
1 27540U 02048A   19148.90523334  .00000584  00000-0  00000+0 0  9990
2 27540  49.6220 145.1036 8776655 278.0141   3.7137  0.37590878 16948
1 27540U 02048A   19148.90523921  .00000584  00000-0  00000+0 0  9992
2 27540  49.6228 145.1073 8776664 278.0152   3.7136  0.37584116 16946
1 27540U 02048A   19148.90548788  .00000585  00000-0  00000+0 0  9991
2 27540  49.6227 145.1139 8776747 278.0200   3.7128  0.37585370 16948
1 27540U 02048A   19148.90643852  .00000584  00000-0  00000+0 0  9998
2 27540  49.6228 145.1173 8776581 278.0200   3.7137  0.37601023 16947
1 27540U 02048A   19154.22436091  .00000806  00000-0  00000+0 0  9992
2 27540  49.6641 144.6811 8780298 278.2415   3.7737  0.37592613 16961
1 27540U 02048A   19154.22444744  .00000806  00000-0  00000+0 0  9996
2 27540  49.6658 144.6814 8780181 278.2382   3.7744  0.37604481 16961
1 27540U 02048A   19154.22590620 +.00000806 +00000-0 +00000-0 0  9992
2 27540 049.6709 144.6392 8778210 278.2834 003.7798 00.37602693016996
1 27540U 02048A   19156.88365206 +.00000790 +00000-0 +00000-0 0  9998
2 27540 049.6888 144.4166 8779732 278.3919 003.7746 00.37583932017006
1 27540U 02048A   19156.88365206  .00000790  00000-0  00000+0 0  9997
2 27540  49.6888 144.4166 8779732 278.3919   3.7746  0.37583932 16971
1 27540U 02048A   19156.88388079 +.00000790 +00000-0 +00000-0 0  9991
2 27540 049.6928 144.4102 8777868 278.3924 003.7832 00.37591319017009
1 27540U 02048A   19156.88388079  .00000790  00000-0  00000+0 0  9990
2 27540  49.6928 144.4102 8777868 278.3924   3.7832  0.37591319 16974
1 27540U 02048A   19156.88389578  .00000790  00000-0  00000+0 0  9995
2 27540  49.6928 144.4113 8777913 278.3923   3.7830  0.37590016 16977
1 27540U 02048A   19159.54240072  .00000652  00000-0  00000+0 0  9993
2 27540  49.7113 144.1817 8777548 278.4984   3.7304  0.37595254 16980
1 27540U 02048A   19159.54245222 +.00000652 +00000-0 +00000-0 0  9996
2 27540 049.7113 144.1810 8776838 278.4874 003.7347 00.37595877016980
1 27540U 02048A   19162.20021016  .00000565  00000-0  00000+0 0  9998
2 27540  49.7304 143.9789 8778556 278.5750   3.6740  0.37598442 16995
1 27540U 02048A   19162.20029951  .00000565  00000-0  00000+0 0  9994
2 27540  49.7263 143.9812 8777836 278.5625   3.6786  0.37601179 16999
1 27540U 02048A   19162.20032419  .00000565  00000-0  00000+0 0  9997
2 27540  49.7314 143.9724 8778885 278.5794   3.6722  0.37596965 16996
1 27540U 02048A   19162.20043268  .00000565  00000-0  00000+0 0  9991
2 27540  49.7184 144.0154 8777366 278.5367   3.6831  0.37601369 16995
1 27540U 02048A   19162.20072379 +.00000565 +00000-0 +00000-0 0  9997
2 27540 049.7167 144.0170 8777324 278.5323 003.6838 00.37605498017029
1 27540U 02048A   19164.85834388  .00000601  00000-0  00000+0 0  9996
2 27540  49.7373 143.7992 8779350 278.6308   3.6741  0.37604044 17008
1 27540U 02048A   19164.85834428 +.00000600 +00000-0 +00000-0 0  9991
2 27540 049.7370 143.7988 8779356 278.6317 003.6740 00.37602864017036
1 27540U 02048A   19164.85834428  .00000600  00000-0  00000+0 0  9990
2 27540  49.7370 143.7988 8779356 278.6317   3.6740  0.37602864 17003
1 27540U 02048A   19164.85842836  .00000601  00000-0  00000+0 0  9993
2 27540  49.7369 143.8253 8779443 278.6134   3.6755  0.37600578 17007
1 27540U 02048A   19164.85852933  .00000601  00000-0  00000+0 0  9992
2 27540  49.7335 143.8386 8779172 278.5992   3.6784  0.37602446 17005
1 27540U 02048A   19164.85862104  .00000601  00000-0  00000+0 0  9993
2 27540  49.7326 143.8382 8779193 278.6026   3.6779  0.37603377 17001
1 27540U 02048A   19167.51663464  .00000633  00000-0  00000+0 0  9992
2 27540  49.7596 143.6325 8781370 278.6869   3.7012  0.37600579 17013
1 27540U 02048A   19167.51681207  .00000633  00000-0  00000+0 0  9997
2 27540  49.7533 143.6981 8782157 278.6446   3.7016  0.37601387 17019
1 27540U 02048A   19167.51691472 +.00000633 +00000-0 +00000-0 0  9993
2 27540 049.7504 143.7038 8782141 278.6398 003.7022 00.37602801017042
1 27540U 02048A   19167.51691472  .00000633  00000-0  00000+0 0  9992
2 27540  49.7504 143.7038 8782141 278.6398   3.7022  0.37602801 17019
1 27540U 02048A   19170.17480981  .00000609  00000-0  00000+0 0  9992
2 27540  49.7724 143.4835 8784308 278.7374   3.7117  0.37606364 17021
1 27540U 02048A   19170.17481477  .00000609  00000-0  00000+0 0  9993
2 27540  49.7754 143.5137 8785266 278.7098   3.7100  0.37595650 17024
1 27540U 02048A   19170.17506989  .00000609  00000-0  00000+0 0  9999
2 27540  49.7704 143.5394 8786602 278.6990   3.7050  0.37599597 17027
1 27540U 02048A   19170.17522908  .00000609  00000-0  00000+0 0  9998
2 27540  49.7666 143.5488 8786490 278.6956   3.7059  0.37602484 17024
1 27540U 02048A   19170.17531472 +.00000609 +00000-0 +00000-0 0  9995
2 27540 049.7651 143.5499 8786520 278.6942 003.7059 00.37603695017057
1 27540U 02048A   19172.83308984  .00000616  00000-0  00000+0 0  9997
2 27540  49.7872 143.3329 8788782 278.7923   3.6959  0.37592859 17039
1 27540U 02048A   19172.83309078  .00000616  00000-0  00000+0 0  9992
2 27540  49.7868 143.3298 8788668 278.7944   3.6963  0.37595976 17033
1 27540U 02048A   19172.83313349  .00000616  00000-0  00000+0 0  9998
2 27540  49.7868 143.3455 8789890 278.7850   3.6917  0.37592601 17033
1 27540U 02048A   19172.83335054  .00000616  00000-0  00000+0 0  9995
2 27540  49.7849 143.3536 8790264 278.7840   3.6901  0.37595860 17031
1 27540U 02048A   19172.83412174  .00000616  00000-0  00000+0 0  9994
2 27540  49.7825 143.3571 8790119 278.7856   3.6907  0.37609350 17036
1 27540U 02048A   19175.49154221  .00000695  00000-0  00000+0 0  9992
2 27540  49.8048 143.1389 8792300 278.8883   3.6849  0.37593787 17046
1 27540U 02048A   19175.49154853  .00000695  00000-0  00000+0 0  9993
2 27540  49.8047 143.1483 8792306 278.8847   3.6852  0.37591423 17045
1 27540U 02048A   19175.49188227  .00000695  00000-0  00000+0 0  9995
2 27540  49.8028 143.1575 8792724 278.8857   3.6833  0.37595745 17041
1 27540U 02048A   19175.49227915  .00000695  00000-0  00000+0 0  9993
2 27540  49.8016 143.1591 8792718 278.8869   3.6833  0.37601420 17040
1 27540U 02048A   19175.49256926  .00000695  00000-0  00000+0 0  9997
2 27540  49.8025 143.1584 8792671 278.8879   3.6834  0.37605552 17042
1 27540U 02048A   19178.15048637  .00000818  00000-0  00000+0 0  9998
2 27540  49.8247 142.9345 8794648 278.9917   3.7023  0.37600413 17053
1 27540U 02048A   19178.15051078  .00000818  00000-0  00000+0 0  9991
2 27540  49.8257 142.9489 8794413 278.9907   3.7037  0.37588492 17059
1 27540U 02048A   19178.15125817  .00000818  00000-0  00000+0 0  9994
2 27540  49.8240 142.9532 8794511 278.9957   3.7030  0.37598704 17054
1 27540U 02048A   19178.15204748  .00000818  00000-0  00000+0 0  9995
2 27540  49.8257 142.9532 8794379 278.9952   3.7037  0.37609912 17050
1 27540U 02048A   19180.80982915  .00000941  00000-0  00000+0 0  9996
2 27540  49.8474 142.7126 8795493 279.1253   3.7392  0.37586172 17060
1 27540U 02048A   19180.81004575 +.00000941 +00000-0 +00000-0 0  9995
2 27540 049.8494 142.7061 8795392 279.1310 003.7393 00.37589201017092
1 27540U 02048A   19180.81133212  .00000941  00000-0  00000+0 0  9995
2 27540  49.8515 142.7008 8795164 279.1353   3.7401  0.37606312 17061
1 27540U 02048A   19183.46903335  .00000971  00000-0  00000+0 0  9993
2 27540  49.8740 142.4762 8797164 279.2432   3.7440  0.37598821 17075
1 27540U 02048A   19183.46916403  .00000970  00000-0  00000+0 0  9992
2 27540  49.8779 142.4378 8793759 279.2752   3.7564  0.37590209 17070
1 27540U 02048A   19183.46992656  .00000970  00000-0  00000+0 0  9996
2 27540  49.8796 142.4340 8793461 279.2725   3.7580  0.37600069 17072
1 27540U 02048A   19186.12761582  .00000856  00000-0  00000+0 0  9997
2 27540  49.9036 142.2110 8795418 279.3716   3.7018  0.37605768 17086
1 27540U 02048A   19186.12761911  .00000856  00000-0  00000+0 0  9993
2 27540  49.9039 142.2128 8795589 279.3708   3.7011  0.37602981 17085
1 27540U 02048A   19186.12765980  .00000856  00000-0  00000+0 0  9993
2 27540  49.8985 142.2310 8792392 279.3513   3.7167  0.37597192 17089
1 27540U 02048A   19186.12768721  .00000856  00000-0  00000+0 0  9999
2 27540  49.9017 142.2251 8792990 279.3641   3.7130  0.37598011 17087
1 27540U 02048A   19186.12824561  .00000856  00000-0  00000+0 0  9994
2 27540  49.8975 142.2315 8792259 279.3458   3.7177  0.37605463 17085
1 27540U 02048A   19188.78540054  .00000737  00000-0  00000+0 0  9998
2 27540  49.9187 142.0072 8794323 279.4432   3.6402  0.37602359 17098
1 27540U 02048A   19188.78553399  .00000737  00000-0  00000+0 0  9994
2 27540  49.9128 142.0347 8794052 279.4207   3.6433  0.37602105 17090
1 27540U 02048A   19188.78559981  .00000736  00000-0  00000+0 0  9996
2 27540  49.9085 142.0420 8793904 279.4109   3.6448  0.37602919 17099
1 27540U 02048A   19188.78560346  .00000736  00000-0  00000+0 0  9993
2 27540  49.9066 142.0412 8793858 279.4106   3.6451  0.37601256 17091
1 27540U 02048A   19191.44359127  .00000743  00000-0  00000+0 0  9991
2 27540  49.9233 141.8556 8795642 279.4824   3.6164  0.37601879 17107
1 27540U 02048A   19194.10168602  .00000782  00000-0  00000+0 0  9996
2 27540  49.9468 141.6849 8798222 279.5396   3.6282  0.37598153 17114
1 27540U 02048A   19194.10168611  .00000781  00000-0  00000+0 0  9995
2 27540  49.9519 141.6329 8797878 279.5854   3.6255  0.37598677 17110
1 27540U 02048A   19194.10168660  .00000781  00000-0  00000+0 0  9999
2 27540  49.9484 141.6307 8797431 279.5852   3.6275  0.37606242 17110
1 27540U 02048A   19194.10169498  .00000781  00000-0  00000+0 0  9999
2 27540  49.9445 141.6625 8797765 279.5613   3.6283  0.37598430 17113
1 27540U 02048A   19194.10219913  .00000782  00000-0  00000+0 0  9998
2 27540  49.9426 141.7138 8798194 279.5225   3.6298  0.37605153 17115
1 27540U 02048A   19196.75997407  .00000754  00000-0  00000+0 0  9991
2 27540  49.9635 141.5403 8802189 279.5896   3.6291  0.37590938 17122
1 27540U 02048A   19196.76003221  .00000753  00000-0  00000+0 0  9993
2 27540  49.9683 141.4947 8800445 279.6216   3.6340  0.37595028 17127
1 27540U 02048A   19196.76027044  .00000754  00000-0  00000+0 0  9993
2 27540  49.9639 141.5547 8802582 279.5820   3.6279  0.37597991 17121
1 27540U 02048A   19199.41843285  .00000731  00000-0  00000+0 0  9996
2 27540  49.9791 141.3680 8806093 279.6664   3.6059  0.37586906 17135
1 27540U 02048A   19199.41846872  .00000731  00000-0  00000+0 0  9991
2 27540  49.9792 141.3583 8805557 279.6704   3.6079  0.37587838 17134
1 27540U 02048A   19199.41848960 +.00000731 +00000-0 +00000-0 0  9992
2 27540 049.9827 141.3452 8804926 279.6731 003.6104 00.37588979017166
1 27540U 02048A   19199.41849228  .00000731  00000-0  00000+0 0  9999
2 27540  49.9832 141.3449 8804884 279.6728   3.6106  0.37589280 17132
1 27540U 02048A   19199.41875938  .00000731  00000-0  00000+0 0  9996
2 27540  49.9797 141.3667 8806478 279.6638   3.6044  0.37592523 17130
1 27540U 02048A   19202.07726590  .00000784  00000-0  00000+0 0  9990
2 27540  50.0009 141.1469 8808414 279.7696   3.5863  0.37597293 17142
1 27540U 02048A   19202.07852063  .00000784  00000-0  00000+0 0  9995
2 27540  49.9984 141.1688 8809037 279.7690   3.5836  0.37603613 17144
1 27540U 02048A   19202.07852122  .00000785  00000-0  00000+0 0  9992
2 27540  50.0049 141.1633 8809113 279.7583   3.7591  0.37584953 17140
1 27540U 02048A   19204.73642588  .00000895  00000-0  00000+0 0  9992
2 27540  50.0232 140.9479 8811126 279.8720   3.5878  0.37588613 17154
1 27540U 02048A   19204.73743900  .00000895  00000-0  00000+0 0  9992
2 27540  50.0187 140.9737 8811068 279.8681   3.5886  0.37595858 17159
1 27540U 02048A   19207.39604955  .00001020  00000-0  00000+0 0  9994
2 27540  50.0447 140.7502 8813044 279.9756   3.6145  0.37585504 17163
1 27540U 02048A   19207.39656320  .00001020  00000-0  00000+0 0  9997
2 27540  50.0460 140.7404 8812493 279.9941   3.6157  0.37586765 17165
1 27540U 02048A   19207.39681401  .00001020  00000-0  00000+0 0  9995
2 27540  50.0457 140.7412 8812574 279.9950   3.6153  0.37590508 17166
1 27540U 02048A   19210.05568798  .00001078  00000-0  00000+0 0  9998
2 27540  50.0720 140.5123 8814236 280.1016   3.6259  0.37599816 17179
1 27540U 02048A   19210.05571015  .00001078  00000-0  00000+0 0  9994
2 27540  50.0715 140.5130 8814418 280.1028   3.6251  0.37599024 17179
1 27540U 02048A   19210.05572789  .00001078  00000-0  00000+0 0  9993
2 27540  50.0704 140.4895 8813994 280.1310   3.6250  0.37585257 17178
1 27540U 02048A   19210.05584706  .00001078  00000-0  00000+0 0  9995
2 27540  50.0761 140.4599 8811867 280.1516   3.6326  0.37582790 17170
1 27540U 02048A   19210.05666100  .00001077  00000-0  00000+0 0  9993
2 27540  50.0798 140.4519 8811389 280.1541   3.6344  0.37594162 17175
1 27540U 02048A   19210.05751854  .00001077  00000-0  00000+0 0  9994
2 27540  50.0808 140.4520 8811285 280.1484   3.6352  0.37606230 17179
1 27540U 02048A   19212.71483528  .00000987  00000-0  00000+0 0  9998
2 27540  50.1062 140.2326 8813096 280.2473   3.5864  0.37600222 17188
1 27540U 02048A   19212.71486531  .00000987  00000-0  00000+0 0  9995
2 27540  50.1061 140.2244 8809588 280.2561   3.6008  0.37590265 17181
1 27540U 02048A   19218.03103841  .00000796  00000-0  00000+0 0  9994
2 27540  50.1418 139.8109 8812196 280.4049   3.4642  0.37599689 17207
1 27540U 02048A   19218.03107670  .00000796  00000-0  00000+0 0  9998
2 27540  50.1389 139.8484 8812413 280.3707   3.4658  0.37595503 17200
1 27540U 02048A   19218.03133361  .00000796  00000-0  00000+0 0  9994
2 27540  50.1343 139.8204 8812247 280.3920   3.4649  0.37599166 17201
1 27540U 02048A   19220.68946535  .00000824  00000-0  00000+0 0  9995
2 27540  50.1631 139.6073 8814065 280.4841   3.4606  0.37597271 17215
1 27540U 02048A   19223.34797282 +.00000790 +00000-0 +00000-0 0  9997
2 27540 050.1855 139.4651 8816631 280.5217 003.4629 00.37591741017257
1 27540U 02048A   19223.34797282  .00000790  00000-0  00000+0 0  9996
2 27540  50.1855 139.4651 8816631 280.5217   3.4629  0.37591741 17224
1 27540U 02048A   19223.34840024  .00000790  00000-0  00000+0 0  9999
2 27540  50.1748 139.5254 8818449 280.4883   3.4577  0.37597871 17224
1 27540U 02048A   19226.00650129  .00000731  00000-0  00000+0 0  9995
2 27540  50.2002 139.3038 8820319 280.5840   3.4358  0.37594384 17233
1 27540U 02048A   19231.32487857  .00000835  00000-0  00000+0 0  9997
2 27540  50.2443 138.9248 8827502 280.7820   3.3842  0.37589175 17252
1 27540U 02048A   19231.32565641 +.00000835 +00000-0 +00000-0 0  9996
2 27540 050.2434 138.9248 8827287 280.7825 003.3850 00.37600709017286
1 27540U 02048A   19233.98386503 +.00000950 +00000-0 +00000-0 0  9996
2 27540 050.2704 138.7056 8829178 280.8813 003.4046 00.37595638017293
1 27540U 02048A   19233.98389466  .00000950  00000-0  00000+0 0  9996
2 27540  50.2710 138.7090 8829093 280.8886   3.4045  0.37580944 17264
1 27540U 02048A   19233.98490019  .00000950  00000-0  00000+0 0  9993
2 27540  50.2703 138.7084 8829073 280.8987   3.4039  0.37595125 17269
1 27540U 02048A   19236.64367311  .00001025  00000-0  00000+0 0  9991
2 27540  50.3018 138.4336 8829314 281.0489   3.4234  0.37582301 17274
1 27540U 02048A   19239.30278201  .00000964  00000-0  00000+0 0  9997
2 27540  50.3341 138.1994 8830566 281.1589   3.3893  0.37596284 17289
1 27540U 02048A   19239.30286864  .00000963  00000-0  00000+0 0  9990
2 27540  50.3390 138.1666 8826266 281.1820   3.4056  0.37588137 17289
1 27540U 02048A   19239.30354655 +.00000962 +00000-0 +00000-0 0  9994
2 27540 050.3392 138.1684 8825926 281.1730 003.4074 00.37596729017313
1 27540U 02048A   19239.30354655  .00000962  00000-0  00000+0 0  9993
2 27540  50.3392 138.1684 8825926 281.1730   3.4074  0.37596729 17289
1 27540U 02048A   19241.96127987  .00000797  00000-0  00000+0 0  9990
2 27540  50.3675 137.9528 8827427 281.2632   3.3209  0.37598472 17294
1 27540U 02048A   19241.96133227  .00000797  00000-0  00000+0 0  9994
2 27540  50.3626 137.9696 8826357 281.2456   3.3265  0.37598284 17294
1 27540U 02048A   19241.96142538  .00000796  00000-0  00000+0 0  9998
2 27540  50.3554 137.9744 8826096 281.2328   3.3282  0.37599465 17297
1 27540U 02048A   19244.61903622  .00000705  00000-0  00000+0 0  9992
2 27540  50.3802 137.7511 8827876 281.3286   3.2548  0.37596965 17302
1 27540U 02048A   19244.61918998  .00000705  00000-0  00000+0 0  9994
2 27540  50.3780 137.7452 8828170 281.3292   3.2531  0.37599036 17300
1 27540U 02048A   19247.27725023  .00000714  00000-0  00000+0 0  9994
2 27540  50.4063 137.5368 8829922 281.4133   3.2365  0.37598113 17311
1 27540U 02048A   19247.27741637  .00000714  00000-0  00000+0 0  9993
2 27540  50.3980 137.5780 8829818 281.3869   3.2389  0.37598674 17313
1 27540U 02048A   19247.27751098  .00000714  00000-0  00000+0 0  9995
2 27540  50.3978 137.5783 8829798 281.3833   3.2392  0.37599850 17312
1 27540U 02048A   19268.54675059  .00000668  00000-0  00000+0 0  9998
2 27540  50.6313 135.8380 8833523 282.2416   3.5238  0.37422582 17397
1 27540U 02048A   19273.86520577  .00000529  00000-0  00000+0 0  9999
2 27540  50.6708 135.4481 8843758 282.3537   3.0480  0.37604410 17418
1 27540U 02048A   19273.86520577  .00000529  00000-0  00000+0 0  9999
2 27540  50.6708 135.4481 8843758 282.3537   3.0480  0.37604410 17418
1 27540U 02048A   19276.40000000  .00000517  00000-0  00000+0 0  9993
2 27540  50.7010 135.2800 8846573 282.4460 346.1960  0.37581045 17425
1 27540U 02048A   19287.15882708  .00000542  00000-0  00000+0 0  9998
2 27540  50.8096 134.4726 8857626 282.8074   3.0179  0.37591018 17460
1 27540U 02048A   19304.00000000 +.00000414 +00000-0 +00000-0 0  9998
2 27540 050.9984 132.8300 8878341 283.4589 123.2425 00.37597081000010
1 27540U 02048A   19304.00000000  .00000414  00000-0  00000+0 0  9997
2 27540  50.9984 132.8300 8878341 283.4589 123.2425  0.37597081 17535
1 27540U 02048A   19305.77068875  .00000368  00000-0  00000+0 0  9994
2 27540  51.0179 132.9747 8863411 283.4456   2.9723  0.37606265 17533
1 27540U 02048A   19310.75000000  .00000332  00000-0  00000+0 0  9995
2 27540  51.0865 132.3767 8885159 283.6439 317.2248  0.37587190 17558
1 27540U 02048A   19310.75000000  .00000332  00000-0  00000+0 0  9995
2 27540  51.0865 132.3767 8885159 283.6439 317.2248  0.37587190 17558
1 27540U 02048A   19311.08729644  .00000351  00000-0  00000+0 0  9995
2 27540  51.0884 132.5179 8868818 283.6615   2.9371  0.37588252 17552
1 27540U 02048A   19311.08782657  .00000351  00000-0  00000+0 0  9998
2 27540  51.0861 132.5321 8869137 283.6640   2.9356  0.37590511 17553
1 27540U 02048A   19311.08824358  .00000351  00000-0  00000+0 0  9993
2 27540  51.0865 132.5287 8869117 283.6707   2.9352  0.37595265 17557
1 27540U 02048A   19313.74707366  .00000477  00000-0  00000+0 0  9996
2 27540  51.1216 132.3129 8870371 283.7775   2.9608  0.37584088 17567
1 27540U 02048A   19316.40677232 +.00000623 +00000-0 +00000-0 0  9994
2 27540 051.1575 132.0807 8871907 283.8900 003.0119 00.37593251017608
1 27540U 02048A   19316.40677232  .00000623  00000-0  00000+0 0  9993
2 27540  51.1575 132.0807 8871907 283.8900   3.0119  0.37593251 17574
1 27540U 02048A   19316.40702749  .00000623  00000-0  00000+0 0  9995
2 27540  51.1580 132.0813 8871056 283.8996   3.0148  0.37582491 17573
1 27540U 02048A   19319.06664954  .00000711  00000-0  00000+0 0  9993
2 27540  51.1952 131.8456 8872536 284.0096   3.0500  0.37597474 17584
1 27540U 02048A   19321.72610642  .00000658  00000-0  00000+0 0  9994
2 27540  51.2408 131.5717 8869198 284.1654   3.0384  0.37587926 17591
1 27540U 02048A   19321.72674909  .00000658  00000-0  00000+0 0  9990
2 27540  51.2381 131.5749 8867528 284.1431   3.0464  0.37595579 17596
1 27540U 02048A   19324.38449253  .00000530  00000-0  00000+0 0  9996
2 27540  51.2769 131.3451 8870403 284.2551   2.9700  0.37589876 17600
1 27540U 02048A   19324.38472812  .00000530  00000-0  00000+0 0  9993
2 27540  51.2684 131.3589 8868324 284.2287   2.9798  0.37593789 17608
1 27540U 02048A   19327.04302666  .00000498  00000-0  00000+0 0  9991
2 27540  51.2970 131.1525 8869351 284.3058   2.9432  0.37594296 17612
1 27540U 02048A   19327.04303824  .00000498  00000-0  00000+0 0  9998
2 27540  51.2947 131.1676 8869331 284.2898   2.9448  0.37594511 17619
1 27540U 02048A   19329.70178104  .00000538  00000-0  00000+0 0  9999
2 27540  51.3271 130.9694 8871466 284.3691   2.9559  0.37596073 17620
1 27540U 02048A   19329.70180923  .00000538  00000-0  00000+0 0  9991
2 27540  51.3252 130.9759 8871390 284.3582   2.9575  0.37596129 17626
1 27540U 02048A   19332.36033604  .00000503  00000-0  00000+0 0  9992
2 27540  51.3650 130.7831 8874096 284.4255   2.9674  0.37589689 17635
1 27540U 02048A   19332.36043427  .00000503  00000-0  00000+0 0  9996
2 27540  51.3682 130.7422 8873549 284.4634   2.9666  0.37591869 17633
1 27540U 02048A   19332.36062698  .00000503  00000-0  00000+0 0  9997
2 27540  51.3562 130.8107 8875187 284.4151   2.9641  0.37594052 17635
1 27540U 02048A   19335.01906573  .00000434  00000-0  00000+0 0  9994
2 27540  51.3915 130.5805 8876948 284.5146   2.9478  0.37586982 17642
1 27540U 02048A   19337.67816124 +.00000462 +00000-0 +00000-0 0  9992
2 27540 051.4233 130.3727 8880810 284.6109 002.9222 00.37595292017685
1 27540U 02048A   19337.67816124  .00000462  00000-0  00000+0 0  9991
2 27540  51.4233 130.3727 8880810 284.6109   2.9222  0.37595292 17652
1 27540U 02048A   19340.33779240 +.00000590 +00000-0 +00000-0 0  9998
2 27540 051.4589 130.1467 8883964 284.7118 002.9300 00.37592837017692
1 27540U 02048A   19340.33779240  .00000590  00000-0  00000+0 0  9997
2 27540  51.4589 130.1467 8883964 284.7118   2.9300  0.37592837 17669
1 27540U 02048A   19340.33815341  .00000591  00000-0  00000+0 0  9991
2 27540  51.4580 130.1762 8883052 284.7194   2.9330  0.37582570 17666
1 27540U 02048A   19342.99790074  .00000755  00000-0  00000+0 0  9992
2 27540  51.4979 129.9429 8884636 284.8299   2.9784  0.37584977 17677
1 27540U 02048A   19345.65801032 +.00000883 +00000-0 +00000-0 0  9998
2 27540 051.5365 129.7138 8885461 284.9491 003.0222 00.37585265017719
1 27540U 02048A   19345.65801033  .00000883  00000-0  00000+0 0  9998
2 27540  51.5365 129.7138 8885461 284.9491   3.0222  0.37585264 17684
1 27540U 02048A   19345.65822708  .00000883  00000-0  00000+0 0  9990
2 27540  51.5409 129.6917 8883475 284.9700   3.0285  0.37580227 17686
1 27540U 02048A   19348.31779275  .00000883  00000-0  00000+0 0  9996
2 27540  51.5839 129.4499 8884612 285.0781   3.0154  0.37596926 17690
1 27540U 02048A   19348.31779275  .00000883  00000-0  00000+0 0  9996
2 27540  51.5839 129.4499 8884612 285.0781   3.0154  0.37596926 17690
1 27540U 02048A   19348.31779275  .00000883  00000-0  00000+0 0  9996
2 27540  51.5839 129.4499 8884612 285.0781   3.0154  0.37596926 17690
1 27540U 02048A   19348.31779275  .00000883  00000-0  00000+0 0  9996
2 27540  51.5839 129.4499 8884612 285.0781   3.0154  0.37596926 17690
1 27540U 02048A   19348.31779275  .00000883  00000-0  00000+0 0  9996
2 27540  51.5839 129.4499 8884612 285.0781   3.0154  0.37596926 17690
